0.071094 -0.773432 -0.744528 -0.080462 -0.694524 0.6460938 -0.249212 0.3179688 -1.007028 1.249102 1.672559 1.224609 
0.0242206 -0.81484 -0.804682 -0.140622 -0.75937 0.6750002 -0.295312 0.3554688 -1.028902 1.252324 1.672559 1.224609 
0.0546886 -0.828122 -0.779684 -0.122652 -0.7164 0.7164062 -0.274996 0.3335936 -1.061714 1.260703 1.672559 1.224609 
-0.0078092 -0.75234 -0.739056 -0.136714 -0.635152 0.6750002 -0.299996 0.3226564 -0.962498 1.270371 1.67127 1.224609 
-0.0171834 -0.766402 -0.738276 -0.147652 -0.63359 0.6859376 -0.313278 0.3164064 -0.969528 1.281973 1.671914 1.224609 
0.0125002 -0.79687 -0.763276 -0.125776 -0.661716 0.7171876 -0.299214 0.3265628 -1.006246 1.289707 1.671914 1.224609 
0.0187502 -0.774998 -0.749214 -0.11562 -0.64531 0.7007814 -0.28515 0.3257812 -0.986714 1.296797 1.67127 1.224609 
0.0007812 -0.780464 -0.76484 -0.14062 -0.660934 0.6992188 -0.307808 0.3390626 -1.000774 1.307754 1.671914 1.224609 
0.0195312 -0.757028 -0.729684 -0.094528 -0.62031 0.680469 -0.281244 0.3109376 -0.960934 1.310332 1.67127 1.224609 
0.023438 -0.896092 -0.62031 -0.08984 -0.52031 0.789844 -0.253904 0.0679692 -1.039058 1.401855 1.669336 1.224609 
0.0187528 -0.832028 -0.705464 -0.110152 -0.579682 0.7632816 -0.266402 0.2554688 -1.028122 1.399277 1.669336 1.224609 
0.014845 -0.805464 -0.742966 -0.11406 -0.611714 0.7429688 -0.254684 0.2828126 -1.016402 1.397344 1.669336 1.224609 
0.0007838 -0.76015 -0.75234 -0.126558 -0.611712 0.7164066 -0.27734 0.3687502 -0.986714 1.403144 1.669336 1.224609 
0.010939 -0.769526 -0.775776 -0.12265 -0.637496 0.7117188 -0.258588 0.3937502 -0.973434 1.405078 1.669981 1.224609 
0.0101586 -0.774214 -0.798432 -0.124214 -0.666402 0.7039064 -0.25937 0.4054688 -0.971088 1.405078 1.669336 1.224609 
0.0078138 -0.746092 -0.799212 -0.117964 -0.672652 0.6875004 -0.25937 0.4335938 -0.948432 1.406367 1.671914 1.224609 
0.0125016 -0.737498 -0.830464 -0.117964 -0.689842 0.6765626 -0.267184 0.5054688 -0.931244 1.408301 1.672559 1.224609 
0.0140628 -0.720308 -0.822652 -0.121088 -0.700778 0.6578126 -0.259372 0.4640628 -0.929682 1.411523 1.672559 1.224609 
0.0140626 -0.728902 -0.829684 -0.116404 -0.705466 0.6570314 -0.257808 0.45625 -0.939838 1.410234 1.672559 1.224609 
0.0218764 -0.730464 -0.788278 -0.115622 -0.66015 0.6875 -0.257028 0.3890626 -0.956246 1.408301 1.672559 1.224609 
0.0257844 -0.738278 -0.75234 -0.121088 -0.610152 0.739844 -0.262494 0.4351562 -1.004684 1.411523 1.672559 1.224609 
0.006252 -0.774996 -0.712496 -0.099996 -0.568746 0.7281252 -0.269528 0.2835938 -0.995308 1.413457 1.672559 1.224609 
0.0093786 -0.782026 -0.721088 -0.100776 -0.601556 0.7734376 -0.27968 0.2921876 -1.04609 1.415391 1.672559 1.224609 
0.009375799 -0.839058 -0.67734 -0.100774 -0.564058 0.7625004 -0.274216 0.1117188 -1.026556 1.417969 1.672559 1.224609 
0.0031256 -0.824996 -0.63359 -0.103122 -0.510152 0.777344 -0.288276 0.1031262 -1.070308 1.424414 1.670625 1.224609 
0.0171874 -0.88906 -0.611714 -0.081248 -0.486714 0.777344 -0.29062 0.1554688 -1.106244 1.426992 1.67127 1.224609 
0.0148442 -0.869526 -0.66562 -0.098434 -0.551558 0.7679688 -0.248434 0.1085938 -1.03906 1.427637 1.67127 1.224609 
-0.002343 -0.795308 -0.739056 -0.121088 -0.613276 0.7335936 -0.275778 0.2750002 -1.005464 1.428926 1.67127 1.224609 
-0.0046842 -0.748434 -0.77031 -0.118744 -0.632808 0.6945314 -0.272652 0.3718754 -0.97109 1.426992 1.672559 1.224609 
0.0093768 -0.717966 -0.792186 -0.114842 -0.66015 0.6742188 -0.246872 0.4421876 -0.928122 1.421191 1.672559 1.224609 
-0.017966 -0.719526 -0.842184 -0.151556 -0.705466 0.6718752 -0.250776 0.4898438 -0.944526 1.420547 1.672559 1.224609 
0.0007833999 -0.702338 -0.83359 -0.138278 -0.698434 0.6539064 -0.23515 0.4851562 -0.92109 1.417969 1.672559 1.224609 
-0.018746 -0.703902 -0.850778 -0.157808 -0.710152 0.64375 -0.247652 0.5023438 -0.910934 1.417969 1.673203 1.224609 
0.0054714 -0.74687 -0.83984 -0.144526 -0.707028 0.6945312 -0.232806 0.4640628 -0.95859 1.416035 1.672559 1.224609 
-0.0078104 -0.747654 -0.794528 -0.142184 -0.64687 0.7187502 -0.251558 0.4000002 -0.981246 1.414746 1.672559 1.224609 
-0.014061 -0.767184 -0.742184 -0.12578 -0.589838 0.7335938 -0.257028 0.2734376 -0.998432 1.415391 1.672559 1.224609 
-0.0007800002 -0.806246 -0.714058 -0.10859 -0.55937 0.7640628 -0.294526 0.2562502 -1.03359 1.421836 1.672559 1.224609 
-0.0124972 -0.813276 -0.668746 -0.110934 -0.516402 0.7710938 -0.300776 0.1882814 -1.067964 1.428926 1.672559 1.224609 
-0.0015596 -0.849994 -0.63984 -0.092964 -0.506244 0.7695314 -0.29062 0.0835952 -1.046088 1.430859 1.672559 1.224609 
-0.0078096 -0.81406 -0.686714 -0.10937 -0.549996 0.7476562 -0.299214 0.1679688 -1.03984 1.430215 1.672559 1.224609 
-0.013279 -0.822652 -0.742182 -0.128904 -0.624214 0.7445312 -0.28437 0.2664064 -1.037494 1.427637 1.672559 1.224609 
-0.020308 -0.77031 -0.754682 -0.135154 -0.623432 0.708594 -0.272652 0.3500002 -0.970304 1.427637 1.672559 1.224609 
-0.0101548 -0.747652 -0.779682 -0.13203 -0.649996 0.6914064 -0.256244 0.3960938 -0.961714 1.426348 1.672559 1.224609 
-0.0101536 -0.738278 -0.803902 -0.135934 -0.674996 0.6835938 -0.257808 0.434375 -0.942964 1.424414 1.672559 1.224609 
-0.020308 -0.715622 -0.82812 -0.149214 -0.692964 0.6656252 -0.267182 0.4781252 -0.935154 1.42248 1.672559 1.224609 
-0.015618 -0.707026 -0.835152 -0.150778 -0.706246 0.6429688 -0.260934 0.4789064 -0.9289 1.420547 1.673848 1.224609 
-0.0062468 -0.703904 -0.85234 -0.145306 -0.729684 0.6429688 -0.246088 0.4968752 -0.917964 1.414746 1.675781 1.224609 
-0.0195268 -0.69687 -0.848432 -0.157808 -0.723434 0.634375 -0.244528 0.4867188 -0.918746 1.416035 1.675781 1.224609 
1.999922E-06 -0.719526 -0.824216 -0.126556 -0.69062 0.6640626 -0.232024 0.4328126 -0.949214 1.410234 1.675781 1.224609 
-0.0234354 -0.801556 -0.794528 -0.149214 -0.664058 0.7335938 -0.30156 0.3695312 -1.104684 1.413457 1.673848 1.224609 
0.005472001 -0.830464 -0.685152 -0.105464 -0.56484 0.7484378 -0.320308 0.126566 -1.044528 1.419258 1.672559 1.224609 
0.0031272 -0.810152 -0.674996 -0.094526 -0.55312 0.7382814 -0.28359 0.113284 -1.046088 1.420547 1.672559 1.224609 
-0.0031224 -0.824214 -0.72265 -0.117964 -0.604684 0.7429688 -0.282806 0.1414062 -1.04062 1.421191 1.672559 1.224609 
-0.0015602 -0.786712 -0.755466 -0.122652 -0.625776 0.7218748 -0.274996 0.2515626 -1.041402 1.421191 1.672559 1.224609 
0.0070312 -0.76484 -0.7914 -0.12265 -0.6539 0.708594 -0.247652 0.3250002 -1.009368 1.421191 1.672559 1.224609 
-0.003124 -0.713276 -0.806246 -0.126558 -0.649216 0.6726566 -0.250778 0.396094 -0.94062 1.423125 1.672559 1.224609 
0.0179688 -0.72109 -0.842964 -0.121872 -0.677336 0.70625 -0.254682 0.4234376 -0.974996 1.452129 1.672559 1.224609 
0.0320334 -0.721088 -0.867182 -0.098434 -0.7039 0.7093752 -0.25312 0.446875 -0.992184 1.468887 1.672559 1.224609 
0.074219 -0.680462 -0.810154 -0.029684 -0.653902 0.6484376 -0.204684 0.3945312 -0.942184 1.463086 1.671914 1.224609 
0.0625 -0.682026 -0.839838 -0.057026 -0.699214 0.6671874 -0.213276 0.4203126 -0.974994 1.458574 1.672559 1.224609 
0.1351562 -0.621088 -0.6554664 0.07969321 -0.79687 0.2664082 -0.193748 0.4039062 -1.00859 1.451485 1.672559 1.224609 
0.0796876 -0.735932 -0.859372 0.003130602 -0.748434 0.6539062 -0.21484 0.4062502 -1.02187 1.439238 1.671914 1.224609 
0.078125 -0.712496 -0.829682 -0.040622 -0.738276 0.5843752 -0.201558 0.3898438 -0.98984 1.42957 1.67127 1.224609 
0.0578126 -0.689838 -0.824994 -0.047652 -0.75859 0.6039062 -0.207806 0.4031252 -0.979682 1.428281 1.669336 1.224609 
0.0867188 -0.698434 -0.812496 -0.0164044 -0.773434 0.5593752 -0.18984 0.3835938 -0.985934 1.414746 1.669981 1.224609 
0.0578126 -0.72109 -0.81484 -0.043744 -0.761712 0.5765624 -0.212494 0.3765624 -0.981246 1.407012 1.669336 1.224609 
0.0875004 -0.719528 -0.827338 -0.021872 -0.792184 0.5765628 -0.193746 0.3820312 -0.99687 1.405078 1.669336 1.224609 
0.078125 -0.725778 -0.816402 -0.042182 -0.775778 0.5757812 -0.205464 0.3726566 -0.997654 1.401855 1.669336 1.224609 
0.0585938 -0.724996 -0.793746 -0.056244 -0.75781 0.5867188 -0.224216 0.3476562 -0.988278 1.401211 1.669336 1.224609 
0.0390626 -0.751558 -0.810936 -0.079684 -0.777338 0.6078128 -0.245308 0.3632812 -1.013278 1.398633 1.669336 1.224609 
0.0718752 -0.740622 -0.804684 -0.047652 -0.767182 0.592969 -0.217964 0.3554688 -1.002338 1.398633 1.669336 1.224609 
0.0460938 -0.731246 -0.82187 -0.072652 -0.778902 0.5835938 -0.238276 0.3750002 -0.99609 1.397344 1.669336 1.224609 
0.0640626 -0.703122 -0.787496 -0.053902 -0.75234 0.5664062 -0.21484 0.3546876 -0.97187 1.39541 1.669336 1.224609 
0.0570312 -0.757026 -0.806246 -0.060152 -0.77109 0.6023438 -0.239058 0.3476566 -1.013276 1.394765 1.669336 1.224609 
0.0406252 -0.753902 -0.807808 -0.07187 -0.771088 0.6000002 -0.244528 0.35 -1.007808 1.392187 1.669336 1.224609 
0.0820312 -0.746088 -0.819526 -0.03437 -0.785936 0.5882814 -0.21015 0.3578126 -1.012494 1.392187 1.669336 1.224609 
0.049219 -0.710152 -0.782028 -0.06562 -0.739058 0.55625 -0.22734 0.3445312 -0.970308 1.390898 1.669336 1.224609 
0.025 -0.74609 -0.803122 -0.085934 -0.774214 0.586719 -0.257024 0.3546876 -0.994526 1.388965 1.669336 1.224609 
0.046094 -0.752338 -0.809372 -0.067964 -0.783588 0.596094 -0.242184 0.3578126 -1.012494 1.388965 1.669336 1.224609 
0.0617188 -0.744528 -0.81328 -0.05859 -0.785932 0.5828126 -0.221088 0.3562502 -1.010932 1.388965 1.669336 1.224609 
0.0492188 -0.751558 -0.810936 -0.061716 -0.789838 0.5859376 -0.238278 0.3453126 -1.00234 1.387031 1.669336 1.224609 
0.046094 -0.797652 -0.759372 -0.067964 -0.769528 0.6187502 -0.254682 0.2671876 -1.004682 1.381875 1.669336 1.224609 
0.0335938 -0.775778 -0.730464 -0.08281 -0.7289 0.5960938 -0.25078 0.255469 -1.02187 1.370273 1.669336 1.224609 
0.0132814 -0.8039 -0.721088 -0.101558 -0.739838 0.6062502 -0.282808 0.2554688 -1.054684 1.363184 1.669336 1.224609 
-0.029682 -0.775778 -0.709372 -0.135154 -0.717182 0.5882812 -0.30937 0.2734376 -1.010934 1.361895 1.669336 1.224609 
0.0007833999 -0.7664 -0.74062 -0.093746 -0.744526 0.5726564 -0.292966 0.3359378 -0.968746 1.363828 1.669336 1.224609 
-0.019526 -0.772652 -0.791402 -0.144528 -0.807026 0.5578126 -0.319528 0.3539064 -0.764838 1.363184 1.669336 1.224609 
-0.029682 -0.735934 -0.78984 -0.161714 -0.782028 0.542969 -0.326558 0.4000002 -0.936714 1.360606 1.669336 1.224609 
0.01172 -0.73984 -0.78359 -0.103902 -0.78906 0.5453128 -0.301558 0.4117188 -0.934372 1.359961 1.669336 1.225898 
-0.013278 -0.745308 -0.789058 -0.1414 -0.786714 0.5476564 -0.318746 0.4031252 -0.937496 1.358027 1.669336 1.226543 
-0.050776 -0.757808 -0.807026 -0.171872 -0.810152 0.561719 -0.356246 0.4226566 -0.956244 1.355449 1.669336 1.227832 
-0.03437 -0.75859 -0.817964 -0.15781 -0.822654 0.5539064 -0.333592 0.4210938 -0.962498 1.353516 1.669336 1.225898 
-0.019528 -0.749216 -0.773432 -0.138278 -0.775778 0.5515626 -0.316402 0.3726564 -0.953902 1.350938 1.669336 1.225254 
-0.028902 -0.742184 -0.775776 -0.14609 -0.774998 0.549219 -0.327338 0.3828126 -0.949996 1.350293 1.669336 1.226543 
-0.0148388 -0.749996 -0.81015 -0.135932 -0.813276 0.5507812 -0.315618 0.4070314 -0.975776 1.350293 1.669336 1.225254 
-0.013276 -0.764056 -0.803904 -0.138278 -0.81718 0.5578128 -0.324214 0.3937502 -0.979684 1.349648 1.669336 1.227187 
-0.02109 -0.736716 -0.771872 -0.138276 -0.777342 0.5351562 -0.31406 0.3757814 -0.948434 1.34707 1.669336 1.227832 
-0.0101534 -0.744526 -0.792184 -0.130462 -0.800778 0.5375 -0.304682 0.3835938 -0.965622 1.34707 1.669336 1.225254 
0.0015624 -0.74609 -0.788276 -0.112496 -0.796872 0.5406252 -0.299214 0.3718752 -0.960934 1.34707 1.669336 1.227187 
0.0226576 -0.747652 -0.764058 -0.119528 -0.762496 0.542969 -0.303902 0.3179688 -0.98984 1.342559 1.669336 1.224609 
-0.060932 -0.81562 -0.743746 -0.178118 -0.77187 0.5906252 -0.375774 0.30625 -0.992968 1.340625 1.669336 1.224609 
0.0046884 -0.813278 -0.767184 -0.106246 -0.810154 0.5843748 -0.313278 0.3078128 -1.003122 1.340625 1.669336 1.224609 
-0.024216 -0.76562 -0.75234 -0.13906 -0.778904 0.5507814 -0.33515 0.3226564 -0.964058 1.340625 1.669336 1.224609 
-0.005465 -0.760934 -0.75937 -0.12109 -0.782808 0.5507814 -0.3164 0.3351564 -0.988276 1.33998 1.669336 1.224609 
0.0023438 -0.771088 -0.769526 -0.110932 -0.792964 0.555469 -0.311714 0.3351562 -0.984372 1.338691 1.669336 1.224609 
-0.02109 -0.774996 -0.76015 -0.132026 -0.7789 0.5593752 -0.338276 0.3242186 -0.980466 1.337402 1.669336 1.224609 
-0.01406 -0.77265 -0.756246 -0.116402 -0.785934 0.5632812 -0.331244 0.3289064 -0.97812 1.337402 1.669336 1.224609 
0.0023456 -0.767966 -0.756248 -0.116402 -0.774996 0.5507812 -0.311714 0.3179688 -0.974994 1.337402 1.669336 1.224609 
-0.020308 -0.778118 -0.76562 -0.142966 -0.792964 0.5640628 -0.342182 0.3265626 -0.986712 1.337402 1.669336 1.224609 
0.0164064 -0.781246 -0.778902 -0.104682 -0.805466 0.5640628 -0.306244 0.330469 -1.005464 1.337402 1.669336 1.224609 
-0.011714 -0.760932 -0.732026 -0.129684 -0.75156 0.5578128 -0.329684 0.2890626 -0.96015 1.337402 1.669336 1.224609 
-0.039058 -0.814838 -0.746872 -0.15312 -0.774214 0.5945312 -0.371088 0.2953126 -0.998434 1.337402 1.669336 1.224609 
-0.029682 -0.793746 -0.788278 -0.1539 -0.820306 0.5757812 -0.355464 0.3437498 -1.00312 1.337402 1.669336 1.224609 
0.0257814 -0.750776 -0.76718 -0.086714 -0.795308 0.5359376 -0.283592 0.3320312 -0.990622 1.337402 1.669336 1.224609