-0.132808 -0.427338 0.7835938 -0.246872 -0.13593 0.8968752 -0.121088 -0.299994 0.8164064 0.928125 1.69834 1.295508 
-0.10312 -0.492962 0.8039062 -0.23281 -0.199994 0.9234374 -0.079684 -0.366402 0.8265626 0.928125 1.69834 1.295508 
-0.101558 -0.507808 0.7968752 -0.241402 -0.217182 0.9234374 -0.080466 -0.387496 0.8421876 0.928125 1.69834 1.295508 
-0.08515 -0.491404 0.7937502 -0.22109 -0.194526 0.9164062 -0.054684 -0.360152 0.8273438 0.928125 1.69834 1.295508 
-0.082808 -0.467184 0.7734378 -0.213276 -0.172652 0.8882814 -0.061714 -0.32656 0.7921876 0.928125 1.69834 1.295508 
-0.089058 -0.448432 0.7765626 -0.21953 -0.158592 0.8890626 -0.074996 -0.30937 0.7890628 0.928125 1.69834 1.295508 
-0.102338 -0.480464 0.7734378 -0.232808 -0.189058 0.8968752 -0.082028 -0.343748 0.8023438 0.928125 1.69834 1.295508 
-0.10781 -0.50781 0.8078124 -0.233588 -0.206246 0.930469 -0.079684 -0.367182 0.8460938 0.928125 1.69834 1.296152 
-0.080464 -0.474996 0.7890628 -0.209372 -0.17734 0.9062502 -0.056248 -0.334372 0.8117186 0.928125 1.697695 1.295508 
-0.099216 -0.499214 0.7867186 -0.231246 -0.206244 0.9101564 -0.07812 -0.369526 0.8390626 0.928125 1.69834 1.295508 
-0.097652 -0.46562 0.7609378 -0.222652 -0.174998 0.8820316 -0.074996 -0.326558 0.7890626 0.928125 1.69834 1.295508 
-0.08281 -0.482806 0.7781252 -0.212496 -0.187496 0.8984374 -0.059372 -0.342964 0.7984378 0.928125 1.69834 1.295508 
-0.087494 -0.496872 0.792969 -0.217966 -0.200776 0.9195316 -0.060934 -0.36406 0.833594 0.928125 1.69834 1.295508 
-0.101558 -0.492182 0.7890626 -0.230464 -0.192182 0.9039064 -0.076558 -0.346874 0.8078124 0.928125 1.69834 1.295508 
-0.095308 -0.50312 0.7929688 -0.222652 -0.20234 0.9039064 -0.064056 -0.360934 0.8265626 0.928125 1.69834 1.296152 
-0.080466 -0.474212 0.7679688 -0.207808 -0.178902 0.8968752 -0.05312 -0.335932 0.7945314 0.928125 1.69834 1.295508 
-0.083592 -0.478118 0.7664064 -0.210936 -0.183592 0.8867188 -0.057024 -0.34687 0.79375 0.928125 1.69834 1.295508 
-0.086712 -0.485154 0.7890624 -0.217182 -0.183592 0.9125002 -0.057808 -0.349212 0.8289064 0.928125 1.69834 1.295508 
-0.105464 -0.487496 0.7796876 -0.234372 -0.188278 0.8984376 -0.081244 -0.35312 0.8195312 0.928125 1.69834 1.295508 
-0.096872 -0.48984 0.784375 -0.227338 -0.189058 0.9046876 -0.067184 -0.354682 0.821094 0.928125 1.69834 1.295508 
-0.085152 -0.4914 0.7859374 -0.217964 -0.188276 0.9109376 -0.05937 -0.356246 0.8242186 0.928125 1.69834 1.295508 
-0.088276 -0.48437 0.778125 -0.217184 -0.186714 0.9039062 -0.064838 -0.355466 0.8148438 0.928125 1.69834 1.295406 
-0.099214 -0.494528 0.78125 -0.223432 -0.195308 0.9039062 -0.071872 -0.357026 0.8007814 0.928125 1.69834 1.295406 
-0.090622 -0.479682 0.7617188 -0.217186 -0.181246 0.8898436 -0.071872 -0.34687 0.7960938 0.928125 1.69834 1.295406 
-0.09531 -0.499996 0.7835938 -0.224212 -0.199996 0.9062502 -0.070306 -0.368744 0.8187504 0.928125 1.69834 1.295508 
-0.08984 -0.494528 0.789844 -0.218746 -0.194526 0.9101562 -0.057806 -0.363276 0.8320312 0.928125 1.697695 1.295508 
-0.10234 -0.482028 0.8328128 -0.232808 -0.189838 0.9257814 -0.07031 -0.360152 0.8640626 0.928125 1.69834 1.295508 
-0.075778 -0.32109 0.7648438 -0.222652 -0.092964 0.8789064 -0.123434 -0.310932 0.771875 0.928125 1.69834 1.295508 
-0.102338 -0.369528 0.8632814 -0.247652 -0.120308 0.9375 -0.093744 -0.342184 0.8484374 0.928125 1.69834 1.295508 
-0.107806 -0.311714 0.8593752 -0.261716 -0.099212 0.9023442 -0.113276 -0.320308 0.8445312 0.928125 1.69834 1.295508 
-0.080466 -0.245306 0.8093752 -0.241402 -0.04609 0.8695314 -0.1164 -0.274214 0.8039064 0.928125 1.69834 1.295508 
-0.098432 -0.337496 0.8257812 -0.239058 -0.100776 0.9257814 -0.120308 -0.323432 0.828125 0.928125 1.69834 1.295508 
-0.09687 -0.42187 0.8007814 -0.225776 -0.13437 0.9007814 -0.104684 -0.339838 0.7570314 0.928125 1.69834 1.296152 
-0.104684 -0.487496 0.796094 -0.23359 -0.180464 0.9093752 -0.0914 -0.412494 0.7976564 0.928125 1.69834 1.29873 
-0.10937 -0.519528 0.742969 -0.232808 -0.178904 0.9070312 -0.082808 -0.467964 0.7476564 0.9294142 1.69834 1.300019 
-0.115622 -0.546088 0.7187502 -0.217184 -0.180462 0.896094 -0.133588 -0.476558 0.6796874 0.9287696 1.69834 1.302598 
-0.098432 -0.568746 0.7460938 -0.221872 -0.205464 0.9 -0.0703088 -0.500778 0.728125 0.931348 1.69834 1.305176 
-0.117964 -0.603902 0.7578126 -0.23359 -0.228904 0.9140624 -0.074216 -0.528902 0.7820314 0.9287696 1.69834 1.305176 
-0.099996 -0.545306 0.8046876 -0.235932 -0.182026 0.9109376 -0.080464 -0.475776 0.8187502 0.928125 1.69834 1.305176 
-0.095306 -0.439056 0.8132814 -0.229682 -0.13984 0.902344 -0.07109 -0.419528 0.8046878 0.928125 1.69834 1.305176 
-0.08359 -0.35312 0.84375 -0.23515 -0.090618 0.9226562 -0.098436 -0.37812 0.8000002 0.928125 1.69834 1.301953 
-0.116402 -0.306244 0.8914064 -0.27265 -0.072652 0.964844 -0.121872 -0.381246 0.8742188 0.928125 1.69834 1.301953 
-0.11015 -0.207026 0.8398438 -0.278902 -0.0015594 0.8929686 -0.140618 -0.300776 0.7773442 0.928125 1.69834 1.301953 
-0.055466 -0.18984 0.8125002 -0.256246 0.0281252 0.8632814 -0.128122 -0.278122 0.758594 0.928125 1.69834 1.301953 
-0.064062 -0.257026 0.8000002 -0.251556 0.0218762 0.911719 -0.122652 -0.307026 0.7687502 0.928125 1.697695 1.301953 
-0.092962 -0.436716 0.8718752 -0.23203 -0.096092 0.9265626 -0.119526 -0.401558 0.8062502 0.928125 1.697695 1.301953 
-0.088276 -0.526556 0.8242188 -0.253904 -0.192186 0.9265626 -0.053902 -0.475776 0.8507814 0.928125 1.697695 1.301953 
-0.095308 -0.542966 0.7546874 -0.25156 -0.211716 0.9093752 -0.0664034 -0.469528 0.7820314 0.928125 1.69834 1.304531 
-0.087496 -0.586714 0.7539064 -0.24687 -0.249214 0.877344 -0.0203074 -0.507026 0.7835938 0.928125 1.69834 1.305176 
-0.096088 -0.61562 0.7882814 -0.257026 -0.267184 0.8820314 -0.0117168 -0.535934 0.833594 0.928125 1.69834 1.305176 
-0.071872 -0.457026 0.7679688 -0.244528 -0.161714 0.9062502 -0.046872 -0.400778 0.74375 0.928125 1.697051 1.304531 
-0.07187 -0.351556 0.7695312 -0.249214 -0.10859 0.8929688 -0.074996 -0.36562 0.7812502 0.928125 1.696406 1.301953 
-0.089058 -0.376558 0.85625 -0.25234 -0.132026 0.9171876 -0.082026 -0.372652 0.8046876 0.928125 1.695762 1.301953 
-0.08906 -0.348432 0.9226564 -0.249996 -0.118746 0.9492188 -0.068746 -0.355462 0.8109378 0.928125 1.696406 1.301953 
-0.096088 -0.21562 0.8460938 -0.26562 -0.070308 1.009375 -0.122654 -0.307028 0.7804688 0.9255466 1.696406 1.301953 
-0.093744 -0.135154 0.9171878 -0.287496 -0.098434 0.9414064 -0.099996 -0.32187 0.8289066 0.924902 1.697695 1.301953 
-0.079682 -0.08281 0.8640628 -0.278122 -0.0499978 0.878125 -0.109368 -0.313276 0.8187502 0.924902 1.69834 1.301953 
-0.125776 -0.335152 0.9445316 -0.277338 -0.091402 0.9703126 -0.10234 -0.305464 0.7414064 0.9274804 1.695762 1.301953 
-0.0929664 -0.260148 0.8539064 -0.268746 -0.0617152 0.914844 -0.14687 -0.449998 0.7554688 0.9255466 1.697695 1.303887 
-0.075778 -0.175778 0.899219 -0.26562 -0.107808 0.8953124 -0.142966 -0.585934 0.7328124 0.924902 1.69834 1.308398 
-0.05937 -0.200776 0.8851564 -0.266402 -0.106246 0.8781252 -0.122652 -0.609372 0.678125 0.924902 1.69834 1.311621 
-0.067184 -0.304684 0.8484376 -0.265622 -0.083592 0.9375 -0.138278 -0.58437 0.7164062 0.928125 1.695117 1.313555 
-0.092966 -0.37734 0.85 -0.25312 -0.064058 0.924219 -0.120306 -0.55937 0.7453126 0.928125 1.695762 1.314844 
-0.14687 -0.352338 0.8234378 -0.255464 -0.067184 0.897656 -0.111712 -0.508588 0.7945314 0.928125 1.696406 1.313555 
-0.104682 -0.132808 0.886719 -0.240618 -0.050778 0.9500002 -0.11484 -0.36484 0.7515626 0.924902 1.697695 1.311621 
-0.087496 -0.1171856 0.9906252 -0.296872 -0.105464 0.8843752 -0.072652 -0.352338 0.8101564 0.924902 1.697695 1.308398 
-0.09609 -0.2539 0.849219 -0.249216 -0.069528 0.9226562 -0.10312 -0.360934 0.7687502 0.9274804 1.695117 1.309043 
-0.12812 -0.337496 0.839844 -0.251558 -0.002343 0.9117188 -0.124994 -0.422652 0.7437502 0.928125 1.695117 1.308398 
-0.110934 -0.344528 0.8156252 -0.251558 -0.0023432 0.9218752 -0.136712 -0.473434 0.7382814 0.928125 1.695117 1.309687 
-0.101556 -0.379684 0.808594 -0.239838 0.0046902 0.921875 -0.129684 -0.500776 0.727344 0.9294142 1.695117 1.311621 
-0.111716 -0.435932 0.8125002 -0.23515 -0.037494 0.9210938 -0.13437 -0.55234 0.7078126 0.931348 1.695117 1.312266 
-0.110152 -0.492182 0.7859378 -0.235932 -0.084372 0.915625 -0.111714 -0.62734 0.7265626 0.931348 1.695117 1.317422 
-0.133592 -0.520306 0.75625 -0.242966 -0.116402 0.9234376 -0.12109 -0.629684 0.7046876 0.931348 1.695117 1.320644 
-0.149996 -0.563276 0.7921876 -0.253902 -0.149214 0.917969 -0.114058 -0.682808 0.7031252 0.931348 1.695762 1.323867 
-0.14531 -0.514058 0.7414064 -0.23437 -0.085152 0.8976564 -0.12812 -0.624996 0.6265628 0.93457 1.695117 1.324512 
-0.149996 -0.528122 0.7492188 -0.235932 -0.052336 0.9109376 -0.143748 -0.75859 0.690625 0.9423048 1.695117 1.330313 
-0.08983999 -0.462496 0.7257814 -0.22812 0.009376398 0.9062504 -0.169526 -0.660154 0.5046876 0.9500392 1.695117 1.338047 
-0.135932 -0.498432 0.7468752 -0.23984 -0.0085914 0.8953128 -0.182808 -0.685934 0.5546878 0.950039 1.695117 1.340625 
-0.129684 -0.44687 0.7859376 -0.239838 -0.0039036 0.9265624 -0.205462 -0.61484 0.539844 0.9468164 1.695117 1.34127 
-0.148432 -0.56406 0.775 -0.222654 -0.049212 0.93125 -0.153902 -0.792964 0.6882814 0.9545506 1.695117 1.343848 
-0.071872 -0.401558 0.7632814 -0.214056 0.049219 0.9476564 -0.20234 -0.574214 0.4023438 0.9493946 1.695117 1.344492 
-0.170306 -0.657806 0.7437502 -0.207808 -0.098432 0.91875 -0.126558 -0.93359 0.7437502 0.9732422 1.695117 1.359961 
-0.0609362 -0.388278 0.7132814 -0.21484 0.0460976 0.9375004 -0.23359 -0.557024 0.2710958 0.9564844 1.695117 1.355449 
-0.163276 -0.520306 0.805469 -0.257028 -0.0734328 0.9367188 -0.164058 -0.744524 0.7109376 0.950039 1.695117 1.351582 
-0.088276 -0.34609 0.7992188 -0.197652 0.0265626 0.9062502 -0.103902 -0.567182 0.7093752 0.941016 1.695117 1.34707 
-0.092182 -0.354684 0.7742188 -0.206246 0.0117216 0.8851562 -0.105464 -0.550774 0.6539062 0.937793 1.695117 1.344492 
-0.132028 -0.42187 0.8117188 -0.24609 -0.035936 0.9289064 -0.148432 -0.620308 0.6890628 0.937793 1.695117 1.343848 
-0.10937 -0.418746 0.8039064 -0.22265 -0.0414 0.9226564 -0.116402 -0.606246 0.6953126 0.937793 1.695117 1.343848 
-0.099214 -0.448432 0.8078128 -0.22187 -0.062496 0.9320316 -0.112494 -0.623432 0.6765626 0.9371484 1.695117 1.343848 
-0.150776 -0.363276 0.7671876 -0.248434 -0.0023424 0.8640626 -0.17109 -0.535152 0.6625002 0.937793 1.695117 1.343848 
-0.138274 -0.448434 0.8218752 -0.249214 -0.057808 0.940625 -0.144528 -0.62109 0.6859376 0.937793 1.695117 1.343848 
-0.110934 -0.44765 0.8062502 -0.226558 -0.062496 0.9320312 -0.108588 -0.624214 0.6843752 0.937793 1.695117 1.343848 
-0.097652 -0.455464 0.79375 -0.213274 -0.067184 0.9187502 -0.09765001 -0.62187 0.6687502 0.9365038 1.695117 1.343848 
-0.135934 -0.424994 0.7718752 -0.243748 -0.050776 0.8984376 -0.139838 -0.593744 0.664844 0.9365038 1.695117 1.343848 
-0.115618 -0.457028 0.7875002 -0.222652 -0.075778 0.9210938 -0.107028 -0.62734 0.6671876 0.9352146 1.695117 1.343848 
-0.117184 -0.478122 0.8132814 -0.236714 -0.085934 0.9320314 -0.116404 -0.649996 0.689844 0.9365038 1.695117 1.343848 
-0.129684 -0.449212 0.7851564 -0.239838 -0.067966 0.9125 -0.12734 -0.61484 0.671094 0.93457 1.695117 1.343848 
-0.128122 -0.464058 0.7914064 -0.240622 -0.08437 0.921094 -0.12265 -0.632028 0.6789062 0.93457 1.695117 1.343848 
-0.117966 -0.428902 0.7695314 -0.233588 -0.05859 0.892969 -0.119528 -0.593744 0.6671874 0.93457 1.695117 1.343848 
-0.136716 -0.439838 0.7859376 -0.248436 -0.067184 0.9101564 -0.139056 -0.613278 0.6820314 0.93457 1.695117 1.343848 
-0.148434 -0.464058 0.7843752 -0.253902 -0.086714 0.9156252 -0.13984 -0.62812 0.6687502 0.93457 1.695117 1.343848 
-0.124996 -0.461712 0.7828126 -0.239058 -0.087498 0.9125 -0.119528 -0.628118 0.6695312 0.93457 1.695117 1.343848 
-0.108588 -0.466402 0.7960938 -0.232026 -0.089056 0.9218752 -0.107028 -0.63437 0.6726564 0.93457 1.695117 1.343848 
-0.124996 -0.462496 0.7882816 -0.239838 -0.087494 0.9156252 -0.119526 -0.624996 0.6757814 0.93457 1.695117 1.343848 
-0.135934 -0.467964 0.79375 -0.249994 -0.092184 0.9226564 -0.130464 -0.638276 0.6804688 0.93457 1.695117 1.343848 
-0.132028 -0.460152 0.7859374 -0.248434 -0.084372 0.9125002 -0.124996 -0.62812 0.6687502 0.93457 1.695117 1.343848 
-0.144528 -0.441402 0.7601566 -0.25234 -0.07734 0.8789064 -0.136714 -0.591402 0.6335938 0.93457 1.695117 1.343848