33.055,31.527,53.871,32.309,34.913,54.392,31.336,26.788,51.961,55.462,71.217,60.904
33.038,31.562,53.871,32.326,34.93,54.565,31.336,26.788,51.996,55.462,71.231,60.904
33.107,31.562,54.01,32.118,34.861,54.479,31.354,26.77,52.083,55.462,71.231,60.904
33.385,31.579,53.645,32.274,34.895,54.861,31.336,26.77,52.031,55.462,71.231,60.904
33.211,31.545,53.663,32.291,34.93,55.017,31.302,26.805,51.979,55.462,71.231,60.904
33.177,31.545,53.611,32.309,34.947,55.052,31.354,26.753,51.944,55.462,71.231,60.904
33.211,31.545,53.628,32.291,34.947,55.052,31.371,26.753,51.979,55.462,71.217,60.904
33.211,31.545,53.628,32.239,34.93,54.895,31.354,26.753,51.979,55.462,71.217,60.904
33.211,31.579,53.611,32.187,34.93,54.774,31.336,26.736,51.944,55.462,71.217,60.904
33.246,31.579,53.628,32.17,34.913,54.635,31.371,26.718,51.944,55.462,71.217,60.904
33.246,31.579,53.645,32.187,34.895,54.635,31.389,26.753,51.979,55.462,71.217,60.904
33.229,31.562,53.611,32.222,34.895,54.652,31.389,26.736,51.979,55.462,71.217,60.904
33.229,31.562,53.593,32.239,34.878,54.756,31.406,26.736,52.031,55.462,71.217,60.904
33.211,31.527,53.628,32.257,34.878,54.774,31.406,26.753,52.048,55.462,71.231,60.904
33.211,31.527,53.628,32.239,34.861,54.826,31.406,26.736,52.048,55.462,71.231,60.904
33.211,31.545,53.663,32.239,34.861,54.843,31.371,26.736,51.996,55.462,71.231,60.904
33.229,31.545,53.663,32.204,34.843,54.809,31.371,26.753,51.979,55.462,71.231,60.904
33.229,31.527,53.663,32.204,34.878,54.722,31.371,26.77,51.944,55.462,71.231,60.904
33.229,31.527,53.645,32.204,34.878,54.739,31.389,26.753,51.961,55.462,71.217,60.904
33.211,31.527,53.663,32.222,34.913,54.704,31.389,26.77,51.961,55.462,71.217,60.904
33.194,31.527,53.663,32.222,34.913,54.67,31.423,26.753,51.996,55.462,71.217,60.904
33.194,31.545,53.697,32.257,34.913,54.722,31.423,26.753,51.996,55.462,71.217,60.904
33.194,31.545,53.732,32.274,34.895,54.756,31.406,26.753,51.996,55.462,71.217,60.904
33.211,31.527,53.715,32.309,34.895,54.791,31.389,26.77,51.996,55.462,71.217,60.904
33.211,31.527,53.715,32.326,34.878,54.809,31.389,26.77,51.996,55.462,71.217,60.904
33.211,31.527,53.68,32.326,34.861,54.791,31.371,26.788,52.013,55.462,71.217,60.904
33.194,31.527,53.697,32.309,34.878,54.739,31.354,26.788,51.996,55.462,71.217,60.904
33.194,31.527,53.645,32.274,34.895,54.704,31.371,26.77,52.031,55.462,71.217,60.904
33.177,31.545,53.663,32.257,34.895,54.687,31.371,26.77,52.031,55.462,71.217,60.904
33.194,31.562,53.628,32.257,34.895,54.687,31.371,26.788,52.048,55.462,71.217,60.904
33.211,31.562,53.628,32.239,34.913,54.687,31.389,26.77,52.013,55.462,71.217,60.904
33.229,31.545,53.576,32.257,34.895,54.739,31.389,26.805,52.048,55.462,71.217,60.904
33.211,31.562,53.576,32.257,34.878,54.774,31.389,26.805,51.996,55.462,71.217,60.904
33.211,31.579,53.576,32.257,34.861,54.756,31.371,26.788,52.013,55.462,71.217,60.904
33.211,31.579,53.593,32.239,34.861,54.756,31.371,26.77,51.996,55.462,71.217,60.904
33.211,31.562,53.611,32.257,34.878,54.791,31.354,26.788,51.996,55.462,71.217,60.904
33.211,31.562,53.628,32.257,34.895,54.722,31.354,26.77,51.979,55.462,71.217,60.904
33.229,31.545,53.645,32.257,34.895,54.739,31.336,26.753,52.013,55.462,71.217,60.904
33.246,31.527,53.628,32.239,34.93,54.739,31.371,26.753,51.996,55.462,71.217,60.904
33.229,31.51,53.628,32.257,34.93,54.774,31.354,26.753,51.996,55.462,71.217,60.904
33.229,31.51,53.611,32.239,34.93,54.756,31.371,26.753,52.048,55.462,71.217,60.904
33.229,31.527,53.611,32.222,34.93,54.791,31.371,26.736,52.048,55.462,71.217,60.904
33.229,31.527,53.611,32.222,34.913,54.756,31.371,26.753,52.031,55.462,71.217,60.904
33.229,31.527,53.628,32.239,34.895,54.704,31.371,26.753,52.048,55.462,71.217,60.904
33.246,31.545,53.611,32.222,34.93,54.687,31.371,26.753,52.065,55.462,71.217,60.904
33.229,31.579,53.628,32.239,34.913,54.687,31.371,26.736,52.031,55.462,71.217,60.904
33.229,31.562,53.611,32.257,34.93,54.687,31.389,26.736,52.031,55.462,71.217,60.904
33.211,31.579,53.628,32.291,34.93,54.67,31.406,26.736,52.013,55.462,71.217,60.904
33.211,31.579,53.593,32.274,34.93,54.739,31.389,26.736,52.013,55.462,71.217,60.904
33.194,31.579,53.628,32.274,34.895,54.756,31.406,26.753,51.979,55.462,71.217,60.904
33.194,31.562,53.645,32.257,34.913,54.739,31.389,26.77,51.979,55.462,71.217,60.904
33.194,31.562,53.663,32.257,34.878,54.739,31.354,26.788,51.961,55.462,71.217,60.904
33.194,31.545,53.645,32.257,34.878,54.774,31.336,26.77,52.013,55.462,71.217,60.904
33.194,31.562,53.697,32.291,34.878,54.722,31.336,26.77,52.013,55.462,71.217,60.904
33.211,31.562,53.663,32.309,34.861,54.722,31.336,26.753,52.048,55.462,71.217,60.904
33.229,31.527,53.628,32.326,34.843,54.687,31.354,26.753,52.065,55.462,71.217,60.904
33.211,31.545,53.611,32.326,34.861,54.704,31.371,26.718,52.1,55.462,71.217,60.904
33.246,31.562,53.628,32.309,34.861,54.687,31.406,26.736,52.048,55.462,71.217,60.904
33.246,31.562,53.593,32.274,34.861,54.704,31.441,26.753,52.031,55.462,71.217,60.904
33.229,31.545,53.611,32.274,34.895,54.722,31.441,26.753,52.013,55.462,71.217,60.904
33.229,31.579,53.628,32.274,34.878,54.722,31.423,26.736,51.996,55.462,71.217,60.904
33.246,31.562,53.645,32.274,34.861,54.704,31.423,26.77,51.961,55.462,71.217,60.904
33.229,31.527,53.611,32.274,34.895,54.722,31.406,26.77,51.996,55.462,71.217,60.904
33.229,31.527,53.645,32.274,34.913,54.722,31.371,26.753,51.996,55.462,71.217,60.904
33.246,31.527,53.645,32.257,34.878,54.722,31.388,26.77,52.013,55.462,71.217,60.904
33.246,31.527,53.628,32.257,34.878,54.739,31.406,26.77,51.996,55.462,71.217,60.904
33.229,31.545,53.611,32.257,34.895,54.756,31.406,26.753,52.031,55.462,71.217,60.904
33.229,31.562,53.645,32.274,34.878,54.756,31.388,26.753,51.996,55.462,71.217,60.904
33.211,31.562,53.645,32.291,34.878,54.756,31.406,26.753,51.979,55.462,71.217,60.904
33.194,31.579,53.645,32.291,34.895,54.722,31.371,26.736,51.961,55.462,71.217,60.904
33.194,31.579,53.68,32.274,34.913,54.722,31.336,26.736,51.961,55.462,71.217,60.904
33.211,31.579,53.697,32.257,34.895,54.704,31.354,26.753,51.944,55.462,71.217,60.904
33.211,31.597,53.68,32.239,34.878,54.722,31.371,26.753,51.961,55.462,71.217,60.904
33.229,31.579,53.663,32.239,34.861,54.739,31.354,26.753,51.961,55.462,71.217,60.904
33.263,31.579,53.645,32.239,34.861,54.756,31.371,26.753,51.979,55.462,71.217,60.904
33.263,31.579,53.611,32.257,34.878,54.791,31.406,26.736,51.979,55.462,71.217,60.904
33.246,31.579,53.611,32.257,34.878,54.791,31.389,26.736,51.979,55.462,71.217,60.904
33.246,31.562,53.611,32.257,34.895,54.791,31.389,26.736,51.979,55.462,71.217,60.904
33.246,31.562,53.611,32.257,34.895,54.774,31.389,26.736,51.996,55.462,71.217,60.904
33.194,31.545,53.611,32.257,34.861,54.774,31.354,26.736,51.961,55.462,71.217,60.904
33.194,31.545,53.628,32.257,34.826,54.774,31.336,26.753,51.961,55.462,71.217,60.904
33.211,31.527,53.628,32.274,34.843,54.791,31.336,26.736,51.944,55.462,71.217,60.904
33.194,31.545,53.628,32.291,34.843,54.791,31.336,26.753,51.927,55.462,71.217,60.904
33.194,31.545,53.628,32.274,34.843,54.791,31.319,26.77,51.944,55.462,71.217,60.904
33.211,31.562,53.628,32.291,34.878,54.774,31.336,26.77,51.979,55.462,71.217,60.904
33.194,31.562,53.611,32.274,34.913,54.791,31.336,26.77,51.996,55.462,71.217,60.904
33.194,31.562,53.611,32.274,34.895,54.809,31.336,26.788,51.979,55.462,71.217,60.904
33.211,31.545,53.628,32.274,34.895,54.774,31.319,26.77,51.996,55.462,71.217,60.904
33.194,31.562,53.628,32.291,34.913,54.791,31.354,26.736,51.961,55.462,71.217,60.904
33.211,31.545,53.628,32.291,34.913,54.809,31.371,26.718,51.944,55.462,71.217,60.904
33.229,31.545,53.628,32.309,34.895,54.756,31.354,26.736,51.927,55.462,71.217,60.904
33.229,31.562,53.628,32.309,34.913,54.722,31.371,26.718,51.961,55.462,71.217,60.904
33.229,31.579,53.593,32.274,34.913,54.739,31.389,26.701,51.961,55.462,71.217,60.904
33.246,31.579,53.611,32.274,34.895,54.722,31.371,26.701,51.979,55.462,71.217,60.904
33.229,31.597,53.611,32.257,34.895,54.739,31.371,26.718,51.996,55.462,71.231,60.904
33.194,31.614,53.645,32.239,34.895,54.739,31.406,26.701,52.031,55.462,71.246,60.904
33.194,31.597,53.663,32.222,34.913,54.739,31.441,26.684,52.013,55.462,71.246,60.904
33.194,31.579,53.68,32.239,34.913,54.739,31.423,26.701,52.013,55.462,71.246,60.904
33.177,31.579,53.663,32.222,34.913,54.774,31.423,26.736,52.013,55.462,71.26,60.904
33.177,31.562,53.697,32.222,34.93,54.739,31.423,26.718,51.961,55.462,71.246,60.904
33.211,31.562,53.663,32.239,34.947,54.756,31.423,26.718,51.927,55.462,71.231,60.904
33.211,31.579,53.645,32.239,34.93,54.774,31.371,26.718,51.927,55.462,71.231,60.904
33.211,31.579,53.645,32.222,34.947,54.739,31.389,26.718,51.927,55.462,71.231,60.904
33.229,31.579,53.663,32.239,34.947,54.687,31.389,26.701,51.927,55.462,71.217,60.904
33.229,31.579,53.628,32.222,34.947,54.687,31.371,26.718,51.979,55.462,71.217,60.904
33.229,31.562,53.68,32.204,34.93,54.704,31.371,26.736,51.996,55.462,71.217,60.904
33.211,31.545,53.697,32.204,34.93,54.722,31.389,26.736,51.996,55.462,71.231,60.904
33.211,31.562,53.68,32.204,34.913,54.774,31.389,26.736,51.996,55.462,71.231,60.904
33.211,31.579,53.68,32.187,34.913,54.826,31.389,26.736,51.979,55.462,71.231,60.904
33.229,31.579,53.715,32.222,34.895,54.843,31.389,26.753,51.961,55.462,71.231,60.904
33.229,31.579,53.68,32.222,34.913,54.843,31.371,26.736,51.961,55.462,71.231,60.904
33.211,31.597,53.68,32.204,34.93,54.809,31.371,26.753,51.996,55.462,71.231,60.904
33.194,31.597,53.697,32.204,34.93,54.774,31.354,26.77,51.996,55.462,71.231,60.904
33.194,31.579,53.663,32.187,34.965,54.774,31.336,26.77,52.013,55.462,71.231,60.904
33.194,31.579,53.645,32.187,34.965,54.791,31.354,26.753,51.996,55.462,71.231,60.904
33.177,31.562,53.628,32.204,34.947,54.774,31.354,26.77,51.996,55.462,71.231,60.904
33.211,31.527,53.611,32.222,34.93,54.774,31.319,26.788,51.961,55.462,71.217,60.904
33.229,31.527,53.628,32.239,34.93,54.826,31.336,26.788,51.961,55.462,71.217,60.904
33.229,31.527,53.628,32.257,34.913,54.791,31.371,26.77,51.979,55.462,71.217,60.904
33.229,31.545,53.611,32.239,34.913,54.774,31.354,26.77,51.979,55.462,71.217,60.904
33.229,31.545,53.611,32.239,34.913,54.791,31.371,26.77,51.996,55.462,71.217,60.904
33.229,31.597,53.611,32.257,34.913,54.809,31.389,26.77,52.013,55.462,71.231,60.904
33.229,31.597,53.611,32.274,34.93,54.756,31.371,26.77,52.031,55.462,71.246,60.904
33.229,31.597,53.611,32.274,34.93,54.756,31.371,26.77,52.048,55.462,71.246,60.904
33.229,31.579,53.611,32.274,34.913,54.756,31.371,26.788,52.065,55.462,71.246,60.904
33.246,31.597,53.645,32.257,34.913,54.739,31.371,26.788,52.031,55.462,71.246,60.904
33.246,31.579,53.628,32.257,34.93,54.739,31.371,26.77,52.048,55.462,71.231,60.904
33.246,31.562,53.593,32.222,34.93,54.756,31.371,26.753,52.031,55.462,71.217,60.904
33.246,31.579,53.611,32.239,34.93,54.774,31.354,26.788,51.996,55.462,71.217,60.904
33.246,31.597,53.593,32.257,34.947,54.756,31.354,26.77,51.979,55.462,71.231,60.904
33.246,31.597,53.593,32.274,34.93,54.739,31.354,26.77,51.979,55.462,71.231,60.904
33.263,31.597,53.611,32.239,34.93,54.722,31.371,26.77,51.961,55.462,71.231,60.904
33.246,31.614,53.645,32.239,34.913,54.722,31.389,26.77,51.961,55.462,71.231,60.904
33.229,31.579,53.645,32.239,34.878,54.704,31.389,26.77,51.961,55.462,71.246,60.904
33.194,31.579,53.697,32.222,34.878,54.687,31.389,26.77,51.996,55.462,71.231,60.904
33.194,31.545,53.663,32.222,34.895,54.67,31.371,26.77,51.996,55.462,71.231,60.904
33.177,31.545,53.645,32.257,34.895,54.687,31.371,26.788,51.996,55.462,71.231,60.904
33.194,31.545,53.628,32.257,34.878,54.687,31.354,26.788,51.996,55.462,71.231,60.904
33.229,31.562,53.61,32.257,34.895,54.704,31.371,26.77,51.961,55.462,71.231,60.904
33.263,31.545,53.593,32.291,34.895,54.739,31.371,26.788,51.944,55.462,71.231,60.904
33.246,31.579,53.627,32.274,34.913,54.791,31.371,26.77,51.961,55.462,71.231,60.904
33.246,31.579,53.662,32.257,34.895,54.809,31.371,26.736,51.961,55.462,71.231,60.904
33.229,31.597,53.645,32.274,34.913,54.791,31.406,26.718,51.961,55.462,71.246,60.904
33.194,31.614,53.628,32.257,34.913,54.791,31.388,26.718,51.979,55.462,71.231,60.904
33.177,31.632,53.628,32.239,34.913,54.809,31.388,26.718,51.996,55.462,71.231,60.904
33.177,31.632,53.611,32.239,34.878,54.774,31.388,26.736,51.996,55.462,71.246,60.904
33.177,31.632,53.628,32.239,34.878,54.774,31.371,26.77,52.013,55.462,71.246,60.904
33.194,31.614,53.663,32.204,34.895,54.774,31.354,26.805,52.013,55.462,71.231,60.904
33.177,31.562,53.715,32.204,34.913,54.774,31.371,26.823,52.048,55.462,71.231,60.904
33.177,31.562,53.715,32.204,34.913,54.756,31.371,26.823,52.013,55.462,71.231,60.904
33.194,31.545,53.68,32.187,34.93,54.774,31.371,26.805,51.996,55.462,71.231,60.904
33.177,31.545,53.645,32.222,34.913,54.756,31.371,26.788,51.996,55.462,71.231,60.904
33.177,31.545,53.593,32.274,34.878,54.791,31.354,26.788,51.979,55.462,71.231,60.904
33.211,31.597,53.593,32.274,34.861,54.774,31.336,26.788,51.961,55.462,71.231,60.904
33.211,31.597,53.611,32.239,34.878,54.791,31.336,26.788,51.961,55.462,71.231,60.904
33.194,31.597,53.628,32.274,34.878,54.774,31.319,26.788,51.961,55.462,71.217,60.904
33.194,31.597,53.611,32.222,34.895,54.826,31.319,26.805,51.979,55.462,71.217,60.904
33.177,31.614,53.663,32.204,34.913,54.826,31.319,26.788,51.979,55.462,71.217,60.904
33.177,31.597,53.628,32.204,34.895,54.861,31.336,26.788,51.979,55.462,71.217,60.904
33.177,31.597,53.593,32.239,34.878,54.861,31.336,26.77,51.996,55.462,71.231,60.904
33.194,31.614,53.611,32.222,34.878,54.895,31.354,26.788,52.013,55.462,71.231,60.904
33.211,31.597,53.611,32.239,34.895,54.826,31.354,26.77,51.979,55.462,71.231,60.904
33.229,31.579,53.576,32.222,34.895,54.826,31.354,26.77,51.979,55.462,71.231,60.904
33.229,31.562,53.611,32.222,34.93,54.791,31.354,26.753,51.996,55.462,71.231,60.904
33.246,31.562,53.645,32.204,34.947,54.722,31.354,26.77,52.031,55.462,71.217,60.904
33.263,31.562,53.628,32.239,34.93,54.722,31.354,26.77,52.031,55.462,71.217,60.904
33.246,31.597,53.645,32.257,34.913,54.756,31.371,26.77,52.048,55.462,71.217,60.904
33.263,31.579,53.645,32.274,34.913,54.739,31.389,26.77,52.083,55.462,71.217,60.904
33.229,31.597,53.611,32.274,34.913,54.722,31.371,26.788,52.083,55.462,71.231,60.904
33.229,31.614,53.559,32.274,34.895,54.739,31.371,26.77,52.048,55.462,71.246,60.904
33.194,31.614,53.576,32.239,34.93,54.704,31.354,26.753,52.083,55.462,71.246,60.904
33.194,31.579,53.576,32.239,34.947,54.687,31.336,26.753,52.048,55.462,71.246,60.904
33.177,31.597,53.593,32.239,34.947,54.704,31.319,26.753,52.031,55.462,71.246,60.904
33.211,31.597,53.611,32.239,34.947,54.722,31.319,26.753,52.013,55.462,71.246,60.904
33.211,31.562,53.628,32.257,34.947,54.739,31.319,26.77,52.013,55.462,71.231,60.904
33.194,31.562,53.593,32.257,34.93,54.774,31.336,26.77,51.996,55.462,71.231,60.904
33.211,31.579,53.559,32.239,34.93,54.774,31.354,26.77,51.979,55.462,71.231,60.904
33.194,31.614,53.576,32.222,34.947,54.791,31.371,26.753,51.979,55.462,71.231,60.904
33.177,31.614,53.559,32.239,34.93,54.861,31.389,26.736,51.979,55.462,71.217,60.904
33.159,31.632,53.593,32.204,34.93,54.861,31.406,26.701,51.961,55.462,71.217,60.904
33.177,31.632,53.628,32.204,34.93,54.843,31.406,26.701,51.979,55.462,71.217,60.904
33.159,31.632,53.645,32.222,34.913,54.826,31.406,26.701,51.979,55.462,71.217,60.904
33.159,31.614,53.628,32.222,34.895,54.843,31.406,26.718,51.979,55.462,71.231,60.904
33.177,31.614,53.628,32.239,34.895,54.826,31.389,26.718,51.979,55.462,71.246,60.904
33.194,31.597,53.611,32.291,34.895,54.878,31.371,26.753,52.031,55.462,71.26,60.904
33.211,31.579,53.593,32.309,34.878,54.843,31.389,26.753,51.996,55.462,71.26,60.904
33.229,31.562,53.611,32.309,34.878,54.878,31.371,26.753,52.031,55.462,71.274,60.904
33.229,31.527,53.576,32.291,34.895,54.826,31.371,26.736,52.031,55.462,71.274,60.904
33.229,31.51,53.593,32.257,34.913,54.826,31.389,26.736,52.013,55.462,71.26,60.904
33.229,31.527,53.593,32.222,34.913,54.791,31.406,26.718,51.961,55.462,71.246,60.904
33.229,31.545,53.593,32.204,34.93,54.826,31.389,26.718,51.961,55.462,71.246,60.904
33.211,31.562,53.593,32.187,34.947,54.809,31.389,26.736,51.996,55.462,71.231,60.904
33.246,31.562,53.593,32.222,34.93,54.809,31.389,26.77,52.013,55.462,71.217,60.904
33.246,31.562,53.559,32.222,34.93,54.774,31.389,26.77,52.048,55.462,71.217,60.904
33.263,31.545,53.541,32.239,34.93,54.774,31.371,26.77,52.083,55.462,71.217,60.904
33.263,31.527,53.559,32.274,34.913,54.756,31.371,26.77,52.083,55.462,71.217,60.904
33.263,31.527,53.576,32.309,34.878,54.756,31.371,26.77,52.065,55.462,71.217,60.904
33.246,31.545,53.593,32.291,34.878,54.722,31.354,26.77,52.048,55.462,71.217,60.904
33.246,31.545,53.628,32.291,34.861,54.722,31.336,26.77,52.048,55.462,71.217,60.904
33.211,31.562,53.628,32.291,34.878,54.704,31.336,26.788,52.031,55.462,71.217,60.904
33.194,31.579,53.645,32.239,34.913,54.704,31.336,26.805,52.013,55.462,71.231,60.904
33.194,31.579,53.628,32.204,34.913,54.722,31.336,26.788,51.996,55.462,71.231,60.904
33.177,31.579,53.645,32.187,34.913,54.791,31.319,26.77,52.013,55.462,71.246,60.904
33.159,31.579,53.663,32.187,34.913,54.791,31.336,26.77,51.961,55.462,71.246,60.904
33.177,31.562,53.663,32.17,34.895,54.843,31.336,26.753,51.961,55.462,71.26,60.904
33.194,31.579,53.628,32.187,34.878,54.878,31.336,26.736,51.996,55.462,71.246,60.904
33.211,31.562,53.645,32.204,34.895,54.843,31.336,26.753,51.979,55.462,71.246,60.904
33.229,31.545,53.628,32.222,34.895,54.809,31.388,26.736,51.944,55.462,71.231,60.904
33.246,31.562,53.611,32.239,34.895,54.791,31.354,26.753,51.979,55.462,71.231,60.904
33.229,31.579,53.628,32.239,34.878,54.774,31.354,26.77,51.979,55.462,71.217,60.904
33.211,31.579,53.663,32.239,34.895,54.739,31.371,26.77,51.979,55.462,71.231,60.904
33.211,31.597,53.645,32.222,34.93,54.774,31.371,26.753,52.013,55.462,71.246,60.904
33.194,31.597,53.645,32.222,34.947,54.774,31.336,26.788,52.048,55.462,71.246,60.904
33.194,31.579,53.645,32.222,34.947,54.791,31.371,26.77,52.048,55.462,71.246,60.904
33.194,31.579,53.645,32.222,34.982,54.739,31.371,26.753,52.048,55.462,71.26,60.904
33.211,31.545,53.645,32.222,34.965,54.722,31.336,26.753,51.996,55.462,71.246,60.904
33.194,31.545,53.645,32.222,34.913,54.722,31.354,26.736,51.979,55.462,71.231,60.904
33.194,31.545,53.663,32.239,34.913,54.722,31.354,26.718,51.961,55.462,71.231,60.904
33.194,31.545,53.645,32.222,34.93,54.722,31.354,26.718,51.961,55.462,71.231,60.904
33.211,31.545,53.645,32.222,34.913,54.756,31.354,26.736,51.979,55.462,71.231,60.904
33.194,31.562,53.645,32.222,34.913,54.826,31.371,26.736,52.031,55.462,71.231,60.904
33.211,31.545,53.663,32.239,34.93,54.826,31.371,26.77,52.031,55.462,71.246,60.904
33.229,31.545,53.663,32.239,34.913,54.843,31.371,26.77,52.031,55.462,71.26,60.904
33.229,31.562,53.68,32.257,34.913,54.861,31.371,26.77,52.048,55.462,71.274,60.904
33.229,31.562,53.68,32.257,34.947,54.861,31.371,26.77,52.013,55.462,71.26,60.904
33.229,31.545,53.68,32.257,34.965,54.861,31.354,26.788,52.013,55.462,71.274,60.904
33.211,31.562,53.663,32.239,34.982,54.843,31.354,26.77,52.013,55.462,71.274,60.904
33.211,31.579,53.68,32.222,35,54.826,31.336,26.77,52.013,55.462,71.26,60.904
33.211,31.597,53.663,32.204,34.982,54.809,31.319,26.788,51.979,55.462,71.246,60.904
33.194,31.597,53.68,32.239,34.947,54.809,31.319,26.805,51.996,55.462,71.26,60.904
33.194,31.597,53.663,32.257,34.93,54.774,31.354,26.788,51.996,55.462,71.26,60.904
33.211,31.597,53.663,32.257,34.913,54.826,31.336,26.788,51.979,55.462,71.26,60.904
33.211,31.597,53.663,32.257,34.895,54.826,31.371,26.805,51.979,55.462,71.274,60.904
33.211,31.579,53.663,32.239,34.93,54.809,31.406,26.788,51.996,55.462,71.274,60.904
33.211,31.597,53.645,32.187,34.947,54.809,31.406,26.753,51.979,55.462,71.274,60.904
33.211,31.614,53.663,32.152,34.947,54.809,31.388,26.77,51.979,55.462,71.274,60.904
33.211,31.614,53.68,32.152,34.947,54.756,31.388,26.788,51.996,55.462,71.274,60.904
33.211,31.597,53.663,32.152,34.965,54.756,31.388,26.77,52.013,55.462,71.274,60.904
33.211,31.597,53.68,32.17,34.947,54.774,31.354,26.77,52.013,55.462,71.274,60.904
33.211,31.579,53.697,32.187,34.947,54.756,31.371,26.77,52.031,55.462,71.26,60.904
33.211,31.579,53.68,32.204,34.965,54.739,31.371,26.77,52.013,55.462,71.246,60.904
33.211,31.562,53.663,32.204,34.947,54.722,31.389,26.788,52.013,55.462,71.231,60.904
33.194,31.579,53.663,32.204,34.913,54.722,31.371,26.805,52.013,55.462,71.217,60.904
33.194,31.579,53.645,32.204,34.913,54.687,31.389,26.805,52.013,55.462,71.217,60.904
33.211,31.562,53.611,32.204,34.895,54.687,31.389,26.805,52.031,55.462,71.217,60.904
33.211,31.562,53.645,32.204,34.895,54.704,31.406,26.805,52.031,55.462,71.217,60.904
33.211,31.562,53.645,32.204,34.93,54.722,31.406,26.788,51.996,55.462,71.217,60.904
33.229,31.562,53.628,32.222,34.947,54.722,31.406,26.77,51.979,55.462,71.217,60.904
33.229,31.562,53.663,32.204,34.947,54.739,31.389,26.788,51.996,55.462,71.217,60.904
33.211,31.562,53.68,32.204,34.947,54.756,31.371,26.788,51.996,55.462,71.231,60.904
33.229,31.545,53.663,32.222,34.93,54.774,31.371,26.77,51.996,55.462,71.231,60.904
33.229,31.545,53.68,32.222,34.947,54.774,31.354,26.788,51.996,55.462,71.246,60.904
33.229,31.545,53.715,32.187,34.947,54.774,31.354,26.788,51.979,55.462,71.246,60.904
33.211,31.545,53.715,32.187,34.965,54.791,31.371,26.77,51.961,55.462,71.26,60.904
33.229,31.545,53.732,32.187,34.965,54.774,31.371,26.788,51.961,55.462,71.26,60.904
33.229,31.545,53.715,32.152,34.947,54.774,31.371,26.77,51.944,55.462,71.26,60.904
33.229,31.545,53.68,32.17,34.913,54.791,31.389,26.736,51.979,55.462,71.26,60.904
33.211,31.545,53.645,32.187,34.913,54.756,31.389,26.753,52.013,55.462,71.26,60.904
33.229,31.545,53.611,32.222,34.878,54.756,31.371,26.77,52.013,55.462,71.26,60.904
33.229,31.562,53.611,32.222,34.895,54.774,31.371,26.753,52.013,55.462,71.26,60.904
33.211,31.562,53.593,32.239,34.93,54.774,31.371,26.77,52.031,55.462,71.26,60.904
33.211,31.562,53.593,32.239,34.93,54.756,31.354,26.788,52.013,55.462,71.246,60.904
33.229,31.562,53.611,32.239,34.947,54.809,31.354,26.77,51.979,55.462,71.246,60.904
33.229,31.562,53.628,32.204,34.947,54.826,31.371,26.77,51.996,55.462,71.231,60.904
33.229,31.562,53.611,32.204,34.913,54.826,31.354,26.788,51.979,55.462,71.231,60.904
