33.333,33.333,33.333,33.333,33.333,33.333,33.333,33.333,33.333,36.197,22.586,50.364,36.996,44.149,53.107,33.385,34.739,52.76,32.031,43.506,54.93,34.461,50.312,47.395,32.708,46.128,49.6,28.142,47.638,45.677,30.052,55.26,40.017,31.718,51.736,42.916,31.145,53.437,41.927,29.583,52.118,46.493,49.618,47.343,31.875,34.392,15.173,41.649,106.595,90.825,58.111,37.558,38.833,45.292
33.333,33.333,33.333,33.333,33.333,33.333,33.333,33.333,33.333,36.284,22.5,50.434,37.031,44.131,53.072,33.315,34.722,52.76,31.944,43.437,54.895,34.479,50.277,47.465,32.586,46.128,49.531,28.125,47.517,45.711,30.034,55.173,40.052,31.736,51.649,42.968,31.197,53.333,41.961,29.548,51.927,46.493,49.565,47.309,31.979,34.409,15.243,41.579,106.595,90.796,58.126,37.558,42.213,45.292
33.333,33.333,33.333,33.333,33.333,33.333,33.333,33.333,33.333,36.354,22.604,50.329,37.083,44.062,52.951,33.177,34.427,52.934,31.857,43.281,54.913,34.392,50.086,47.482,32.465,45.989,49.583,28.003,47.291,45.833,30.069,55.069,40.052,31.684,51.562,43.038,31.215,53.263,41.944,29.548,51.857,46.562,49.635,47.326,32.031,34.357,15.243,41.614,106.595,90.782,58.111,37.558,52.726,45.292
33.333,33.333,33.333,33.333,33.333,33.333,33.333,33.333,33.333,36.579,22.552,50.312,37.187,44.027,52.899,33.211,34.392,52.916,31.875,43.35,54.791,34.409,50.069,47.378,32.448,45.972,49.548,28.055,47.343,45.729,30.104,55.086,39.947,31.649,51.666,42.708,31.215,53.315,41.788,29.6,51.979,46.371,49.756,47.239,32.135,34.322,15.156,41.545,106.595,90.753,58.111,37.544,56.679,45.292
33.333,33.333,33.333,33.333,33.333,33.333,33.333,33.333,33.333,36.631,22.326,50.312,37.343,43.94,52.986,33.125,34.253,52.934,31.823,43.385,54.756,34.427,50.121,47.413,32.517,46.041,49.513,28.107,47.482,45.659,30.104,55.19,39.895,31.701,51.701,42.656,31.197,53.437,41.753,29.583,52.083,46.406,49.878,47.274,32.222,34.34,15.034,41.666,106.595,90.739,58.097,37.529,58.183,45.292
33.333,33.333,33.333,33.333,33.333,33.333,33.333,33.333,33.333,36.597,22.309,50.329,37.343,43.906,52.986,33.107,34.149,53.09,31.753,43.246,54.93,34.409,50.086,47.447,32.448,45.954,49.635,28.02,47.395,45.815,30.052,55.138,40.017,31.649,51.649,42.968,31.128,53.385,41.979,29.566,52.013,46.597,49.826,47.326,32.5,34.34,15.034,41.701,106.595,90.725,58.083,37.515,57.395,45.292
33.333,33.333,33.333,33.333,33.333,33.333,33.333,33.333,33.333,36.51,22.274,50.295,37.343,43.854,53.055,33.142,34.166,53.02,31.84,43.333,54.895,34.479,50.138,47.482,32.534,45.954,49.652,28.073,47.43,45.798,30.069,55.173,40.086,31.718,51.666,42.968,31.111,53.437,41.961,29.635,52.083,46.684,49.756,47.378,32.343,34.305,15,41.753,106.595,90.71,58.069,37.501,56.98,45.292
33.333,33.333,33.333,33.333,33.333,33.333,33.333,33.333,33.333,36.614,22.309,50.381,37.465,43.958,53.055,33.437,34.444,52.829,32.1,43.472,54.861,34.687,50.26,47.413,32.847,46.006,49.6,28.263,47.552,45.746,30.243,55.243,40.069,31.961,51.684,42.881,31.215,53.42,41.944,29.739,52.1,46.545,49.739,47.447,32.274,34.27,15,41.684,106.595,90.696,58.054,37.486,47.799,45.278
33.333,33.333,33.333,33.333,33.333,33.333,33.333,33.333,33.333,36.614,22.361,50.347,37.43,43.975,53.02,33.42,34.6,52.621,32.1,43.437,54.861,34.67,50.26,47.413,32.916,45.972,49.618,28.229,47.482,45.815,30.225,55.19,40.156,31.979,51.579,43.177,31.163,53.385,42.065,29.67,51.961,46.753,49.652,47.395,32.048,34.253,15.069,41.77,106.595,90.682,58.04,37.486,44.691,45.278
33.333,33.333,33.333,33.333,33.333,33.333,33.333,33.333,33.333,36.597,22.343,50.347,37.395,43.958,53.02,33.437,34.583,52.569,32.135,43.315,54.895,34.687,50.173,47.482,32.899,45.885,49.67,28.194,47.378,45.902,30.225,55.138,40.243,31.961,51.562,43.315,31.215,53.315,42.187,29.704,51.892,46.822,49.427,47.482,31.77,34.218,15.191,41.77,106.595,90.667,58.04,37.486,44.032,45.264
33.333,33.333,33.333,33.333,33.333,33.333,33.333,33.333,33.333,36.701,22.413,50.329,37.465,43.993,52.916,33.559,34.618,52.534,32.187,43.402,54.774,34.67,50.156,47.5,32.916,45.885,49.67,28.194,47.395,45.868,30.26,55.138,40.26,31.927,51.562,43.333,31.18,53.333,42.135,29.687,51.927,46.77,49.409,47.413,31.527,34.149,15.208,41.753,106.595,90.653,58.04,37.486,42.686,45.264
33.333,33.333,33.333,33.333,33.333,33.333,33.333,33.333,33.333,36.822,22.413,50.347,37.534,44.01,52.934,33.541,34.67,52.482,32.152,43.489,54.722,34.618,50.173,47.378,32.951,45.937,49.618,28.194,47.43,45.885,30.243,55.173,40.208,31.892,51.597,43.315,31.18,53.368,42.152,29.618,51.961,46.77,49.392,47.447,31.545,34.184,15.191,41.736,106.595,90.639,58.04,37.486,40.294,45.25
33.333,33.333,33.333,33.333,33.333,33.333,33.333,33.333,33.333,36.857,22.395,50.381,37.517,43.993,52.968,33.541,34.583,52.586,32.17,43.437,54.791,34.6,50.156,47.413,32.951,45.902,49.652,28.211,47.43,45.954,30.208,55.19,40.225,31.805,51.579,43.385,31.215,53.385,42.204,29.6,51.979,46.805,49.444,47.326,31.579,34.131,15.156,41.718,106.595,90.61,58.04,37.486,39.921,45.25
33.333,33.333,33.333,33.333,33.333,33.333,33.333,33.333,33.333,36.927,22.448,50.416,37.621,44.062,52.951,33.611,34.635,52.604,32.326,43.524,54.774,34.739,50.208,47.395,33.125,46.006,49.531,28.437,47.534,45.885,30.347,55.243,40.173,31.961,51.614,43.211,31.406,53.385,42.083,29.757,52.048,46.666,49.479,47.447,31.649,34.079,15.138,41.562,106.595,90.596,58.026,37.486,39.835,45.235
33.333,33.333,33.333,33.333,33.333,33.333,33.333,33.333,33.333,36.944,22.569,50.399,37.656,44.131,52.864,33.645,34.756,52.552,32.395,43.663,54.722,34.809,50.243,47.309,33.142,46.076,49.461,28.524,47.534,45.937,30.399,55.26,40.208,32.083,51.597,43.177,31.51,53.385,42.065,29.826,52.048,46.614,49.496,47.465,31.684,34.062,15.104,41.458,106.595,90.582,58.011,37.486,42.686,45.25
33.333,33.333,33.333,33.333,33.333,33.333,33.333,33.333,33.333,36.996,22.621,50.399,37.638,44.131,52.881,33.576,34.687,52.586,32.361,43.628,54.722,34.826,50.225,47.256,33.159,46.006,49.548,28.507,47.447,46.006,30.399,55.208,40.225,32.1,51.545,43.159,31.562,53.368,42.048,29.878,52.031,46.527,49.513,47.517,31.684,34.062,15.086,41.354,106.595,90.567,57.997,37.486,56.106,45.25
33.333,33.333,33.333,33.333,33.333,33.333,33.333,33.333,33.333,37.083,22.777,50.416,37.673,44.218,52.795,33.645,34.826,52.534,32.465,43.697,54.67,34.947,50.295,47.222,33.229,46.076,49.461,28.645,47.534,45.954,30.538,55.208,40.173,32.222,51.597,43.02,31.718,53.368,41.944,29.982,52.048,46.458,49.618,47.534,31.857,34.01,15.052,41.302,106.595,90.553,57.983,37.486,69.455,45.25
33.333,33.333,33.333,33.333,33.333,33.333,33.333,33.333,33.333,37.135,22.725,50.347,37.725,44.131,52.795,33.524,34.687,52.534,32.378,43.628,54.635,34.913,50.26,47.204,33.107,46.024,49.496,28.559,47.447,45.902,30.503,55.156,40.208,32.187,51.562,43.02,31.701,53.35,41.909,30.017,52.013,46.475,49.531,47.534,31.718,33.975,15.069,41.25,106.595,90.553,57.968,37.486,72.535,45.25
33.333,33.333,33.333,33.333,33.333,33.333,33.333,33.333,33.333,37.048,22.934,50.312,37.638,44.218,52.621,33.559,34.913,52.343,32.378,43.923,54.236,34.913,50.295,47.048,33.211,46.059,49.409,28.507,47.5,45.781,30.555,55.121,40.052,32.135,51.527,43.02,31.736,53.315,41.788,30.034,52.013,46.319,49.322,47.5,31.979,33.975,15.086,41.111,106.595,90.539,57.954,37.486,71.417,45.25
33.333,33.333,33.333,33.333,33.333,33.333,33.333,33.333,33.333,37.031,22.812,50.399,37.673,44.149,52.777,33.541,34.826,52.447,32.378,43.802,54.375,34.947,50.312,47.17,33.229,45.954,49.635,28.472,47.517,45.781,30.572,55.121,40.121,32.118,51.597,43.055,31.718,53.35,41.857,30.034,52.065,46.44,49.34,47.534,31.684,33.906,15.052,41.232,106.595,90.524,57.94,37.486,67.507,45.235
33.333,33.333,33.333,33.333,33.333,33.333,33.333,33.333,33.333,36.857,22.638,50.364,37.638,43.958,52.881,33.489,34.687,52.465,32.448,43.593,54.531,35,50.208,47.378,33.263,45.815,49.739,28.472,47.395,45.868,30.625,55.104,40.295,32.257,51.51,43.229,31.788,53.281,42.048,30.104,51.944,46.631,49.236,47.5,31.614,33.819,15.173,41.336,106.595,90.51,57.911,37.486,53.098,45.221
33.333,33.333,33.333,33.333,33.333,33.333,33.333,33.333,33.333,36.909,22.725,50.277,37.673,43.906,52.777,33.68,34.635,52.395,32.604,43.524,54.479,35.069,50.121,47.326,33.368,45.694,49.739,28.524,47.274,45.902,30.677,55.104,40.312,32.291,51.44,43.263,31.822,53.246,42.048,30.191,51.944,46.597,49.097,47.447,31.232,33.697,15.208,41.319,106.595,90.496,57.882,37.486,40.666,45.221
33.333,33.333,33.333,33.333,33.333,33.333,33.333,33.333,33.333,36.944,22.812,50.295,37.673,43.958,52.743,33.836,34.739,52.343,32.725,43.541,54.479,35.173,50.086,47.361,33.454,45.694,49.756,28.611,47.309,45.972,30.746,55.138,40.312,32.413,51.475,43.333,31.909,53.281,42.083,30.277,51.944,46.684,49.131,47.465,31.18,33.645,15.173,41.406,106.595,90.481,57.854,37.486,41.11,45.221
33.333,33.333,33.333,33.333,33.333,33.333,33.333,33.333,33.333,36.996,22.5,50.364,37.795,43.784,53.02,33.888,34.427,52.552,32.812,43.194,55,35.26,50.017,47.621,33.35,45.607,49.93,28.663,47.187,46.249,30.729,55.173,40.607,32.5,51.527,43.472,31.875,53.333,42.361,30.277,51.909,47.031,49.409,47.43,30.885,33.593,15.156,41.684,106.595,90.467,57.825,37.486,54.602,45.221
33.333,33.333,33.333,33.333,33.333,33.333,33.333,33.333,33.333,37.031,22.552,50.295,37.795,43.819,52.951,33.975,34.375,52.552,32.847,43.211,54.982,35.277,49.965,47.621,33.385,45.59,49.826,28.715,47.152,46.284,30.711,55.173,40.607,32.534,51.475,43.42,31.909,53.315,42.326,30.312,51.892,46.961,49.461,47.413,30.989,33.576,15.138,41.614,106.595,90.467,57.796,37.486,68.997,45.221
33.333,33.333,33.333,33.333,33.333,33.333,33.333,33.333,33.333,37.222,22.604,50.295,37.881,43.871,52.881,34.01,34.322,52.604,32.882,43.229,54.93,35.295,49.999,47.482,33.402,45.694,49.652,28.784,47.187,46.232,30.677,55.19,40.503,32.448,51.527,43.281,31.875,53.368,42.187,30.243,52.013,46.822,49.444,47.395,30.972,33.628,15.017,41.579,106.595,90.453,57.782,37.486,83.406,45.221
33.333,33.333,33.333,33.333,33.333,33.333,33.333,33.333,33.333,37.048,22.257,50.364,37.864,43.75,53.125,33.784,34.079,52.812,32.76,43.072,55.121,35.26,49.895,47.708,33.368,45.607,49.843,28.697,47.065,46.354,30.607,55.034,40.729,32.517,51.458,43.454,31.892,53.333,42.361,30.225,51.892,46.944,49.461,47.395,31.215,33.645,15.121,41.614,106.595,90.438,57.739,37.472,95.838,45.221
33.333,33.333,33.333,33.333,33.333,33.333,33.333,33.333,33.333,37.222,22.413,50.277,38.072,43.819,52.847,33.75,34.166,52.586,32.777,43.159,54.947,35.329,50.017,47.482,33.559,45.729,49.583,28.888,47.083,46.197,30.763,55.034,40.59,32.586,51.475,43.055,32.013,53.333,42.048,30.33,51.996,46.631,49.288,47.5,31.163,33.645,15.086,41.44,106.595,90.424,57.667,37.458,105.749,45.221
33.333,33.333,33.333,33.333,33.333,33.333,33.333,33.333,33.333,37.534,22.5,50.243,38.229,43.94,52.638,33.888,34.166,52.569,32.847,43.125,54.826,35.399,50,47.395,33.715,45.59,49.618,29.01,47.031,46.163,30.816,55.017,40.572,32.725,51.423,42.986,32.17,53.315,41.996,30.468,52.013,46.51,49.01,47.656,30.972,33.593,15.069,41.25,106.595,90.424,57.596,37.444,106.595,45.221
33.333,33.333,33.333,33.333,33.333,33.333,33.333,33.333,33.333,37.656,22.621,50.243,38.298,44.079,52.517,33.923,34.444,52.395,32.882,43.315,54.67,35.381,50.138,47.309,33.732,45.711,49.565,29.01,47.135,46.093,30.833,55.069,40.52,32.725,51.545,42.986,32.118,53.42,41.961,30.416,52.083,46.562,48.906,47.673,31.024,33.628,15.034,41.302,106.595,90.41,57.524,37.429,106.595,45.221
33.333,33.333,33.333,33.333,33.333,33.333,33.333,33.333,33.333,37.69,22.465,50.364,38.35,44.201,52.656,33.888,34.444,52.465,32.812,43.35,54.791,35.329,50.173,47.534,33.715,45.607,49.652,28.993,47.204,46.197,30.833,55.156,40.59,32.76,51.684,42.968,32.1,53.524,41.979,30.434,52.118,46.649,49.045,47.777,31.041,33.576,14.965,41.388,106.595,90.395,57.453,37.415,106.595,45.221
33.333,33.333,33.333,33.333,33.333,33.333,33.333,33.333,33.333,37.795,22.691,50.347,38.368,44.357,52.5,33.888,34.67,52.326,32.708,43.559,54.67,35.243,50.312,47.43,33.628,45.746,49.496,28.975,47.361,46.093,30.746,55.26,40.451,32.639,51.736,42.951,31.961,53.559,41.944,30.329,52.17,46.631,48.906,47.881,30.833,33.697,14.913,41.388,106.595,90.381,57.41,37.415,106.595,45.221
33.333,33.333,33.333,33.333,33.333,33.333,33.333,33.333,33.333,37.708,22.465,50.503,38.298,44.322,52.812,33.958,34.618,52.482,32.725,43.524,54.861,35.208,50.26,47.638,33.541,45.607,49.756,28.888,47.309,46.284,30.642,55.277,40.659,32.691,51.718,43.246,31.927,53.559,42.222,30.312,52.118,46.857,48.993,47.916,30.833,33.697,14.948,41.51,106.595,90.367,57.395,37.415,106.595,45.221
33.333,33.333,33.333,33.333,33.333,33.333,33.333,33.333,33.333,37.413,22.482,50.434,38.125,44.253,52.812,33.628,34.635,52.447,32.43,43.541,54.861,34.965,50.243,47.586,33.229,45.677,49.722,28.611,47.343,46.18,30.468,55.243,40.538,32.309,51.77,43.159,31.632,53.524,42.152,30.086,52.118,46.805,48.94,47.76,30.972,33.75,14.93,41.579,106.595,90.352,57.395,37.415,106.595,45.221
33.333,33.333,33.333,33.333,33.333,33.333,33.333,33.333,33.333,37.343,22.5,50.416,38.142,44.201,52.795,33.524,34.583,52.413,32.482,43.559,54.791,35.052,50.208,47.482,33.316,45.729,49.513,28.732,47.343,46.041,30.538,55.208,40.381,32.326,51.718,42.951,31.718,53.472,41.961,30.191,52.083,46.614,48.958,47.708,31.041,33.697,14.93,41.406,106.595,90.338,57.395,37.401,106.595,45.221
33.333,33.333,33.333,33.333,33.333,33.333,33.333,33.333,33.333,37.482,22.586,50.347,38.281,44.201,52.586,33.697,34.583,52.378,32.656,43.506,54.774,35.225,50.19,47.378,33.437,45.711,49.652,28.836,47.204,46.145,30.659,55.121,40.52,32.534,51.562,43.194,31.892,53.333,42.204,30.347,51.979,46.736,48.819,47.743,30.989,33.645,15.052,41.388,106.595,90.338,57.395,37.386,106.595,45.221
33.333,33.333,33.333,33.333,33.333,33.333,33.333,33.333,33.333,37.743,22.5,50.329,38.541,44.184,52.638,33.941,34.513,52.378,32.899,43.35,54.93,35.451,50.156,47.465,33.645,45.572,49.809,28.993,47.065,46.354,30.833,55.086,40.763,32.743,51.545,43.177,32.135,53.333,42.309,30.538,51.927,46.857,49.114,47.673,31.111,33.489,15.052,41.475,106.595,90.338,57.395,37.372,106.595,45.221
33.333,33.333,33.333,33.333,33.333,33.333,33.333,33.333,33.333,37.638,22.413,50.19,38.402,43.94,52.656,33.802,34.184,52.552,32.795,43.333,54.722,35.416,50.069,47.447,33.42,45.364,49.947,28.715,46.892,46.475,30.694,54.982,40.92,32.517,51.406,43.489,32.1,53.281,42.447,30.451,51.77,47.1,49.322,47.482,31.284,33.454,15.121,41.527,106.595,90.324,57.395,37.358,106.595,45.221
33.333,33.333,33.333,33.333,33.333,33.333,33.333,33.333,33.333,37.899,22.517,50.121,38.611,43.923,52.621,34.045,34.062,52.673,33.09,43.159,54.756,35.659,49.965,47.517,33.663,45.225,49.965,28.975,46.701,46.631,30.937,54.878,41.041,32.899,51.25,43.628,32.43,53.159,42.499,30.729,51.579,47.187,49.479,47.534,31.58,33.35,15.329,41.423,106.595,90.309,57.395,37.343,106.595,45.221
33.333,33.333,33.333,33.333,33.333,33.333,33.333,33.333,33.333,38.125,22.5,50.017,38.75,43.784,52.656,34.253,34.079,52.586,33.142,43.125,54.704,35.763,49.93,47.586,33.819,45.104,50.034,29.097,46.666,46.718,31.041,54.895,41.093,32.986,51.215,43.628,32.517,53.142,42.482,30.798,51.545,47.239,49.635,47.413,31.441,33.246,15.399,41.527,106.595,90.281,57.395,37.343,106.595,45.221
33.333,33.333,33.333,33.333,33.333,33.333,33.333,33.333,33.333,38.038,22.482,49.965,38.663,43.663,52.586,34.149,34.045,52.604,33.072,43.159,54.618,35.711,49.913,47.517,33.663,45.173,49.965,29.01,46.77,46.562,31.024,54.947,40.885,32.847,51.267,43.541,32.413,53.177,42.378,30.746,51.649,47.1,49.392,47.395,31.041,33.229,15.312,41.458,106.595,90.266,57.395,37.343,106.595,45.221
33.333,33.333,33.333,33.333,33.333,33.333,33.333,33.333,33.333,38.194,22.517,50.017,38.871,43.819,52.586,34.357,34.288,52.534,33.229,43.107,54.913,35.798,49.93,47.656,33.888,45.329,49.878,29.236,46.927,46.475,31.18,55.052,40.815,33.09,51.388,43.385,32.5,53.211,42.361,30.833,51.77,47.031,49.114,47.569,30.746,33.194,15.277,41.493,106.595,90.266,57.395,37.343,106.595,45.221
33.333,33.333,33.333,33.333,33.333,33.333,33.333,33.333,33.333,38.263,22.534,50.069,38.871,43.871,52.569,34.427,34.618,52.291,33.211,43.35,54.826,35.833,50.069,47.621,33.854,45.434,49.843,29.184,47.083,46.406,31.093,55.121,40.868,33.038,51.423,43.541,32.448,53.281,42.482,30.746,51.822,47.187,48.906,47.638,30.225,33.194,15.208,41.666,106.595,90.266,57.395,37.343,106.595,45.221
33.333,33.333,33.333,33.333,33.333,33.333,33.333,33.333,33.333,38.35,22.395,50.121,38.888,43.802,52.604,34.392,34.34,52.604,33.055,43.107,55.104,35.677,49.93,47.881,33.767,45.312,50.034,29.045,47.013,46.475,31.041,55.104,41.024,32.951,51.423,43.732,32.343,53.298,42.673,30.746,51.84,47.378,49.01,47.604,30.173,33.142,15.156,41.77,106.595,90.266,57.395,37.343,106.595,45.221
33.333,33.333,33.333,33.333,33.333,33.333,33.333,33.333,33.333,38.524,22.447,50.086,38.975,43.802,52.552,34.565,34.322,52.552,33.159,43.09,55.052,35.746,49.878,47.743,33.784,45.208,50.017,29.097,46.909,46.475,31.093,55,41.041,33.055,51.284,43.784,32.448,53.142,42.76,30.798,51.701,47.326,48.923,47.5,30.312,33.159,15.312,41.631,106.595,90.266,57.395,37.343,106.595,45.221
33.333,33.333,33.333,33.333,33.333,33.333,33.333,33.333,33.333,38.645,22.534,50.052,39.01,43.836,52.517,34.652,34.34,52.5,33.211,43.125,54.982,35.798,49.878,47.69,33.923,45.208,49.93,29.218,46.909,46.44,31.18,54.999,41.024,33.159,51.25,43.715,32.552,53.107,42.69,30.868,51.701,47.326,49.131,47.447,30.555,33.09,15.347,41.666,106.595,90.252,57.395,37.343,106.595,45.221
33.333,33.333,33.333,33.333,33.333,33.333,33.333,33.333,33.333,38.836,22.517,50,39.097,43.75,52.465,34.687,34.131,52.621,33.246,42.916,55.017,35.868,49.722,47.725,33.906,45.034,50.017,29.253,46.736,46.51,31.198,54.861,41.128,33.246,51.093,43.871,32.586,52.986,42.864,30.902,51.579,47.395,49.184,47.378,30.711,33.003,15.382,41.631,106.595,90.238,57.381,37.343,106.595,45.221
33.333,33.333,33.333,33.333,33.333,33.333,33.333,33.333,33.333,38.854,22.413,49.982,39.149,43.697,52.534,34.67,33.993,52.673,33.246,42.968,54.982,35.885,49.722,47.725,33.975,45.138,49.861,29.323,46.822,46.458,31.25,54.93,41.024,33.229,51.197,43.506,32.569,53.072,42.638,30.902,51.684,47.204,49.427,47.256,30.868,33.003,15.26,41.597,106.595,90.223,57.367,37.343,106.595,45.221
33.333,33.333,33.333,33.333,33.333,33.333,33.333,33.333,33.333,38.819,22.413,49.93,39.131,43.611,52.569,34.652,34.027,52.569,33.333,43.02,54.861,35.972,49.756,47.621,33.906,45.086,49.93,29.305,46.822,46.475,31.197,54.878,41.041,33.281,51.163,43.472,32.621,53.09,42.482,30.902,51.666,47.1,49.427,47.274,31.059,33.02,15.225,41.562,106.595,90.209,57.352,37.343,106.595,45.221
33.333,33.333,33.333,33.333,33.333,33.333,33.333,33.333,33.333,38.802,22.43,49.947,39.131,43.645,52.586,34.548,34.027,52.638,33.298,43.09,54.878,35.937,49.809,47.708,33.94,45.225,49.913,29.288,46.927,46.475,31.163,55,40.954,33.159,51.319,43.246,32.534,53.229,42.343,30.868,51.805,47.048,49.531,47.291,30.937,32.986,15.069,41.649,106.595,90.195,57.324,37.343,106.595,45.221
33.333,33.333,33.333,33.333,33.333,33.333,33.333,33.333,33.333,38.871,22.291,50,39.218,43.559,52.708,34.531,33.923,52.743,33.281,43.003,54.982,35.902,49.774,47.864,33.888,45.069,50.156,29.184,46.788,46.718,31.093,54.965,41.163,33.177,51.284,43.506,32.465,53.263,42.552,30.85,51.736,47.256,49.6,47.309,31.146,32.968,15.052,41.753,106.595,90.195,57.295,37.343,106.595,45.221
33.333,33.333,33.333,33.333,33.333,33.333,33.333,33.333,33.333,38.871,22.291,50.017,39.253,43.559,52.725,34.513,34.01,52.673,33.281,43.125,54.93,35.885,49.878,47.829,33.906,45.156,50.086,29.201,46.875,46.684,31.111,55.017,41.111,33.09,51.354,43.35,32.413,53.315,42.395,30.868,51.788,47.135,49.687,47.256,30.92,33.02,15.052,41.77,106.595,90.195,57.281,37.343,106.595,45.221
33.333,33.333,33.333,33.333,33.333,33.333,33.333,33.333,33.333,38.836,22.1,49.982,39.27,43.281,52.881,34.409,33.645,52.881,33.229,42.812,55.156,35.815,49.687,48.142,33.784,44.982,50.295,29.062,46.649,46.909,31.059,54.947,41.371,33.125,51.354,43.506,32.413,53.315,42.534,30.885,51.788,47.239,49.722,47.17,30.711,33.02,15,41.909,106.595,90.195,57.238,37.343,106.595,45.221
33.333,33.333,33.333,33.333,33.333,33.333,33.333,33.333,33.333,38.784,22.083,50.034,39.201,43.263,52.986,34.253,33.732,52.743,33.055,42.847,55.121,35.677,49.704,48.177,33.645,45.104,50.156,29.01,46.77,46.77,30.972,55,41.302,33.09,51.44,43.368,32.274,53.298,42.621,30.868,51.857,47.204,49.687,47.204,30.416,33.055,14.982,41.892,106.595,90.195,57.138,37.358,106.595,45.221
33.333,33.333,33.333,33.333,33.333,33.333,33.333,33.333,33.333,38.871,22.083,50.086,39.288,43.229,53.072,34.357,33.767,52.69,33.125,42.864,55.173,35.763,49.739,48.211,33.715,45.121,50.138,29.062,46.822,46.753,31.007,55.052,41.354,33.177,51.458,43.472,32.378,53.315,42.673,30.902,51.927,47.291,49.722,47.222,30.538,33.02,15.034,41.961,106.595,90.195,57.023,37.372,106.595,45.221
33.333,33.333,33.333,33.333,33.333,33.333,33.333,33.333,33.333,38.871,22.257,50.104,39.305,43.281,52.968,34.496,33.854,52.656,33.177,42.951,55.104,35.868,49.756,48.09,33.871,45.173,50.034,29.166,46.857,46.666,31.059,55.069,41.215,33.298,51.458,43.402,32.482,53.263,42.569,30.954,51.961,47.152,49.687,47.187,30.486,33.02,15.052,41.805,106.595,90.18,56.908,37.372,106.595,45.221
33.333,33.333,33.333,33.333,33.333,33.333,33.333,33.333,33.333,38.836,22.482,50.104,39.27,43.263,52.899,34.565,34.062,52.586,33.194,43.003,54.965,35.868,49.739,48.038,33.854,45.138,49.965,29.201,46.84,46.597,31.059,55,41.197,33.316,51.406,43.35,32.5,53.194,42.569,30.937,51.874,47.17,49.687,47.083,30.677,33.055,15.121,41.753,106.595,90.166,56.779,37.372,106.595,45.221
33.333,33.333,33.333,33.333,33.333,33.333,33.333,33.333,33.333,38.871,22.552,50.138,39.236,43.298,52.881,34.565,34.201,52.482,33.177,43.038,54.913,35.868,49.774,47.934,33.836,45.069,50,29.218,46.875,46.493,31.041,54.982,41.093,33.316,51.302,43.402,32.552,53.072,42.621,30.972,51.822,47.17,49.774,47.083,30.746,32.986,15.243,41.649,106.595,90.152,56.679,37.372,106.595,45.221
33.333,33.333,33.333,33.333,33.333,33.333,33.333,33.333,33.333,38.923,22.691,50.086,39.34,43.298,52.777,34.704,34.166,52.534,33.368,43.072,54.861,36.006,49.739,47.899,33.923,45.052,49.947,29.166,46.684,46.614,31.059,54.913,41.145,33.298,51.163,43.593,32.604,53.02,42.673,30.92,51.684,47.326,49.635,47.031,30.729,32.968,15.399,41.718,106.595,90.138,56.622,37.358,106.595,45.207
33.333,33.333,33.333,33.333,33.333,33.333,33.333,33.333,33.333,38.975,22.569,50.052,39.427,43.194,52.725,34.791,34.062,52.534,33.454,42.951,54.861,36.111,49.67,47.934,34.01,44.878,50.017,29.253,46.579,46.649,31.163,54.756,41.319,33.454,51.059,43.611,32.743,52.916,42.743,31.076,51.562,47.291,49.687,46.961,30.538,32.864,15.434,41.631,106.595,90.123,56.593,37.343,106.595,45.192
33.333,33.333,33.333,33.333,33.333,33.333,33.333,33.333,33.333,38.94,22.517,50,39.392,43.038,52.847,34.6,33.75,52.76,33.35,42.638,55.034,35.972,49.513,48.125,33.715,44.652,50.329,28.993,46.388,46.84,31.024,54.652,41.545,33.333,50.937,43.906,32.656,52.812,42.847,30.989,51.527,47.482,49.739,46.996,30.677,32.899,15.399,41.753,106.595,90.123,56.55,37.343,106.595,45.178
33.333,33.333,33.333,33.333,33.333,33.333,33.333,33.333,33.333,38.975,22.274,50,39.409,42.968,53.038,34.444,33.524,52.743,33.281,42.569,55.156,35.972,49.548,48.177,33.715,44.774,50.295,28.923,46.406,46.892,30.989,54.774,41.527,33.281,51.059,43.836,32.604,52.934,42.795,30.954,51.666,47.482,49.791,47.083,30.468,32.899,15.277,41.84,106.595,90.123,56.522,37.343,106.595,45.164
33.333,33.333,33.333,33.333,33.333,33.333,33.333,33.333,33.333,38.94,22.326,50,39.357,43.038,53.003,34.461,33.437,52.916,33.263,42.482,55.243,35.92,49.531,48.194,33.697,44.756,50.399,28.767,46.302,47.048,30.92,54.756,41.649,33.263,51.024,44.079,32.517,52.951,43.003,30.868,51.614,47.638,49.774,47.065,30.711,32.951,15.277,41.979,106.595,90.109,56.493,37.343,106.595,45.149
33.333,33.333,33.333,33.333,33.333,33.333,33.333,33.333,33.333,38.888,22.152,49.93,39.305,42.864,53.142,34.305,33.454,52.847,33.211,42.413,55.26,35.902,49.461,48.263,33.68,44.722,50.434,28.802,46.354,47.013,30.954,54.774,41.649,33.316,51.059,44.045,32.534,52.968,43.02,30.885,51.649,47.586,49.739,47.1,30.902,32.934,15.191,41.944,106.595,90.109,56.464,37.343,106.595,45.149
33.333,33.333,33.333,33.333,33.333,33.333,33.333,33.333,33.333,38.958,22.239,49.93,39.357,42.899,53.159,34.427,33.663,52.708,33.298,42.586,55.138,35.937,49.513,48.211,33.802,44.843,50.277,28.941,46.388,47.013,30.937,54.843,41.493,33.263,51.076,44.027,32.517,53.003,42.951,30.833,51.649,47.638,49.774,47.083,31.111,32.986,15.156,42.048,106.595,90.109,56.436,37.343,106.595,45.149
33.333,33.333,33.333,33.333,33.333,33.333,33.333,33.333,33.333,38.958,22.135,49.895,39.322,42.864,53.142,34.357,33.75,52.552,33.281,42.656,55.052,35.954,49.513,48.142,33.819,44.93,50.069,28.975,46.406,46.892,30.937,54.843,41.44,33.246,51.041,43.94,32.482,52.968,43.125,30.833,51.545,47.656,49.722,46.996,30.954,33.02,15.347,42.048,106.595,90.095,56.407,37.343,106.595,45.149
33.333,33.333,33.333,33.333,33.333,33.333,33.333,33.333,33.333,39.01,22.257,49.895,39.34,42.916,53.038,34.531,33.871,52.517,33.368,42.777,54.965,36.006,49.565,48.142,33.906,44.93,50.052,29.062,46.423,46.875,30.989,54.843,41.423,33.402,51.006,43.975,32.621,52.951,43.107,30.937,51.527,47.604,49.739,46.909,31.059,32.968,15.382,41.961,106.595,90.08,56.378,37.343,106.595,45.149
33.333,33.333,33.333,33.333,33.333,33.333,33.333,33.333,33.333,39.131,22.326,49.861,39.461,42.916,52.934,34.618,33.975,52.378,33.454,42.829,54.878,36.111,49.583,48.038,33.993,44.965,49.913,29.253,46.475,46.77,31.128,54.843,41.284,33.454,51.006,43.802,32.691,52.916,42.951,31.007,51.51,47.552,49.704,46.996,30.972,32.934,15.434,41.805,106.595,90.08,56.35,37.343,106.595,45.149
33.333,33.333,33.333,33.333,33.333,33.333,33.333,33.333,33.333,39.253,22.395,49.93,39.565,43.038,52.881,34.791,33.923,52.465,33.472,42.829,54.982,36.128,49.635,48.02,33.993,44.93,49.965,29.27,46.388,46.84,31.111,54.809,41.371,33.472,50.972,43.888,32.708,52.899,42.986,31.024,51.493,47.604,49.843,46.944,30.798,32.951,15.451,41.84,106.595,90.066,56.335,37.343,106.595,45.149
33.333,33.333,33.333,33.333,33.333,33.333,33.333,33.333,33.333,39.131,22.343,49.895,39.427,42.951,52.916,34.513,33.697,52.638,33.263,42.621,55.138,35.937,49.513,48.072,33.75,44.739,50.26,28.975,46.232,46.996,31.007,54.756,41.51,33.42,50.902,44.062,32.569,52.847,43.142,30.92,51.44,47.656,49.704,47.048,30.607,32.968,15.503,41.822,106.595,90.052,56.307,37.343,106.595,45.149
33.333,33.333,33.333,33.333,33.333,33.333,33.333,33.333,33.333,39.149,22.343,49.93,39.496,43.003,52.934,34.531,33.767,52.604,33.298,42.743,55.104,35.972,49.583,48.09,33.819,44.861,50.173,29.062,46.354,46.927,31.024,54.843,41.44,33.437,51.006,43.958,32.586,52.934,43.055,30.92,51.51,47.586,49.67,47.083,30.468,32.934,15.382,41.84,106.595,90.052,56.292,37.343,106.595,45.149
33.333,33.333,33.333,33.333,33.333,33.333,33.333,33.333,33.333,39.149,22.343,49.913,39.531,42.986,52.881,34.479,33.75,52.586,33.298,42.656,55.121,35.954,49.461,48.038,33.802,44.826,50.156,29.062,46.319,46.892,30.989,54.722,41.545,33.437,50.868,44.131,32.569,52.812,43.263,30.885,51.354,47.743,49.496,47.204,30.538,32.968,15.503,41.892,106.595,90.052,56.278,37.343,106.595,45.149
33.333,33.333,33.333,33.333,33.333,33.333,33.333,33.333,33.333,39.114,22.361,49.913,39.513,43.003,52.881,34.427,33.836,52.465,33.263,42.847,54.947,35.902,49.531,47.968,33.767,44.93,50.052,29.027,46.423,46.77,30.937,54.739,41.493,33.368,50.885,44.149,32.482,52.847,43.194,30.816,51.423,47.621,49.305,47.204,30.399,33.003,15.486,41.909,106.595,90.052,56.278,37.343,106.595,45.149
33.333,33.333,33.333,33.333,33.333,33.333,33.333,33.333,33.333,39.114,22.274,49.93,39.548,42.881,52.951,34.409,33.697,52.586,33.298,42.708,55.034,35.92,49.444,48.107,33.784,44.826,50.208,28.993,46.388,46.84,30.937,54.739,41.562,33.35,50.868,44.201,32.482,52.795,43.315,30.781,51.423,47.69,49.253,47.274,30.451,33.02,15.503,41.961,106.595,90.052,56.278,37.343,106.595,45.149
33.333,33.333,33.333,33.333,33.333,33.333,33.333,33.333,33.333,39.079,22.291,49.93,39.513,42.899,52.951,34.322,33.645,52.656,33.246,42.708,55.034,35.885,49.479,48.159,33.663,44.913,50.121,28.906,46.458,46.753,30.902,54.756,41.527,33.298,50.902,44.166,32.465,52.829,43.281,30.746,51.44,47.638,49.253,47.274,30.399,33.09,15.486,41.961,106.595,90.052,56.292,37.343,106.595,45.149
33.333,33.333,33.333,33.333,33.333,33.333,33.333,33.333,33.333,39.062,22.326,49.982,39.479,42.864,52.934,34.253,33.732,52.534,33.211,42.777,54.982,35.85,49.548,48.142,33.697,45.052,49.965,28.923,46.631,46.614,30.885,54.826,41.423,33.211,51.006,43.958,32.448,52.916,43.107,30.711,51.51,47.586,49.218,47.291,30.295,33.159,15.416,41.996,106.595,90.052,56.307,37.343,106.595,45.149
33.333,33.333,33.333,33.333,33.333,33.333,33.333,33.333,33.333,38.975,22.239,49.982,39.444,42.777,53.038,34.184,33.559,52.708,33.177,42.621,55.104,35.85,49.513,48.263,33.628,44.93,50.086,28.889,46.562,46.684,30.92,54.861,41.458,33.159,51.041,43.94,32.413,52.951,43.09,30.694,51.545,47.569,49.409,47.204,30.381,33.159,15.364,42.013,106.595,90.052,56.307,37.343,106.595,45.149
33.333,33.333,33.333,33.333,33.333,33.333,33.333,33.333,33.333,39.01,22.257,50.034,39.461,42.812,53.072,34.27,33.576,52.795,33.211,42.569,55.225,35.868,49.513,48.298,33.628,44.878,50.156,28.906,46.545,46.753,30.902,54.878,41.51,33.194,51.059,43.906,32.465,52.951,43.125,30.711,51.545,47.604,49.618,47.17,30.59,33.177,15.329,42.013,106.595,90.037,56.292,37.343,106.595,45.149
33.333,33.333,33.333,33.333,33.333,33.333,33.333,33.333,33.333,38.94,22.222,49.982,39.357,42.795,53.055,34.201,33.663,52.673,33.177,42.673,55.121,35.85,49.6,48.211,33.576,44.965,50,28.958,46.579,46.736,30.92,54.913,41.44,33.281,51.059,43.854,32.482,52.968,43.09,30.763,51.545,47.621,49.739,47.065,30.694,33.194,15.295,42.031,106.595,90.023,56.278,37.343,106.595,45.149
33.333,33.333,33.333,33.333,33.333,33.333,33.333,33.333,33.333,39.01,22.274,50,39.392,42.812,53.02,34.288,33.663,52.673,33.211,42.621,55.121,35.815,49.548,48.194,33.593,44.861,50.086,28.958,46.475,46.788,30.902,54.843,41.51,33.333,50.989,43.958,32.465,52.899,43.211,30.781,51.493,47.708,49.687,47.031,30.711,33.142,15.329,42.013,106.595,90.009,56.25,37.343,106.595,45.149
33.333,33.333,33.333,33.333,33.333,33.333,33.333,33.333,33.333,39.045,22.257,49.982,39.409,42.881,53.003,34.392,33.75,52.638,33.263,42.638,55.086,35.798,49.565,48.107,33.559,44.756,50.121,28.906,46.336,46.909,30.885,54.756,41.562,33.402,50.902,44.166,32.448,52.812,43.385,30.781,51.406,47.743,49.722,46.996,30.989,33.125,15.434,41.961,106.595,89.994,56.221,37.343,106.595,45.149
33.333,33.333,33.333,33.333,33.333,33.333,33.333,33.333,33.333,39.114,22.222,50,39.444,42.864,53.02,34.375,33.75,52.656,33.246,42.638,55.121,35.781,49.548,48.159,33.541,44.739,50.19,28.871,46.302,46.961,30.85,54.774,41.562,33.454,50.833,44.27,32.43,52.795,43.42,30.798,51.406,47.795,49.67,47.048,30.833,33.072,15.486,41.961,106.595,89.98,56.207,37.343,106.595,45.149
33.333,33.333,33.333,33.333,33.333,33.333,33.333,33.333,33.333,39.097,22.222,49.947,39.444,42.829,53.003,34.322,33.802,52.552,33.263,42.725,55.052,35.833,49.6,48.125,33.645,44.756,50.156,28.923,46.336,46.909,30.868,54.809,41.527,33.489,50.833,44.218,32.448,52.829,43.437,30.816,51.406,47.795,49.635,47.031,30.711,33.055,15.486,41.996,106.595,89.98,56.192,37.343,106.595,45.149
33.333,33.333,33.333,33.333,33.333,33.333,33.333,33.333,33.333,39.184,22.204,49.982,39.513,42.847,53.003,34.288,33.75,52.604,33.246,42.69,55.086,35.85,49.548,48.159,33.645,44.722,50.173,28.871,46.388,46.805,30.92,54.809,41.475,33.42,50.868,44.131,32.465,52.847,43.315,30.816,51.423,47.673,49.583,47.031,30.486,32.986,15.52,41.927,106.595,89.98,56.178,37.343,106.595,45.149
33.333,33.333,33.333,33.333,33.333,33.333,33.333,33.333,33.333,39.097,22.17,49.947,39.461,42.829,52.986,34.253,33.836,52.465,33.229,42.76,54.982,35.902,49.565,48.107,33.697,44.791,50.034,28.941,46.475,46.666,30.937,54.843,41.371,33.402,50.902,43.993,32.465,52.864,43.194,30.816,51.44,47.604,49.652,46.996,30.642,33.038,15.503,41.927,106.595,89.98,56.164,37.343,106.595,45.149
33.333,33.333,33.333,33.333,33.333,33.333,33.333,33.333,33.333,39.149,22.17,49.93,39.496,42.795,53.02,34.288,33.663,52.656,33.246,42.656,55.138,35.92,49.479,48.246,33.715,44.687,50.225,28.975,46.458,46.701,30.989,54.895,41.423,33.402,50.885,43.993,32.552,52.899,43.055,30.868,51.527,47.552,49.722,47.013,30.468,32.934,15.416,41.892,106.595,89.98,56.149,37.343,106.595,45.149
33.333,33.333,33.333,33.333,33.333,33.333,33.333,33.333,33.333,39.184,22.239,49.947,39.496,42.899,52.968,34.322,33.784,52.517,33.263,42.795,55.069,35.902,49.583,48.107,33.75,44.687,50.312,28.923,46.493,46.736,30.954,54.913,41.406,33.402,50.937,44.01,32.586,52.899,43.107,30.816,51.545,47.5,49.704,47.065,30.694,33.003,15.381,41.909,106.595,89.98,56.121,37.343,106.595,45.149
33.333,33.333,33.333,33.333,33.333,33.333,33.333,33.333,33.333,39.218,22.222,49.947,39.461,42.812,53.038,34.114,33.576,52.708,33.09,42.534,55.225,35.781,49.444,48.229,33.593,44.583,50.399,28.68,46.284,46.892,30.798,54.774,41.597,33.211,50.833,44.288,32.413,52.795,43.315,30.746,51.458,47.604,49.67,47.083,30.729,33.02,15.451,41.961,106.595,89.966,56.092,37.343,106.595,45.149
33.333,33.333,33.333,33.333,33.333,33.333,33.333,33.333,33.333,39.201,22.361,49.93,39.392,42.881,53.003,34.114,33.663,52.638,33.09,42.586,55.19,35.711,49.479,48.177,33.593,44.635,50.364,28.628,46.232,46.979,30.729,54.704,41.649,33.159,50.798,44.409,32.343,52.743,43.437,30.711,51.388,47.656,49.687,47.031,30.833,33.003,15.468,41.979,106.595,89.951,56.063,37.343,106.595,45.149
33.333,33.333,33.333,33.333,33.333,33.333,33.333,33.333,33.333,39.236,22.239,49.947,39.479,42.777,53.107,34.079,33.541,52.777,33.055,42.465,55.329,35.729,49.392,48.281,33.611,44.565,50.434,28.628,46.128,47.187,30.729,54.67,41.822,33.177,50.763,44.513,32.378,52.708,43.559,30.729,51.354,47.777,49.774,47.031,30.833,32.968,15.451,42.083,106.595,89.937,56.049,37.343,106.595,45.149
33.333,33.333,33.333,33.333,33.333,33.333,33.333,33.333,33.333,39.218,22.326,49.93,39.461,42.847,53.02,34.114,33.697,52.621,33.073,42.552,55.173,35.763,49.461,48.177,33.628,44.652,50.312,28.68,46.18,47.135,30.729,54.635,41.788,33.194,50.781,44.427,32.343,52.708,43.68,30.729,51.284,47.847,49.704,47.031,30.885,33.038,15.503,42.083,106.595,89.923,56.035,37.343,106.595,45.149
33.333,33.333,33.333,33.333,33.333,33.333,33.333,33.333,33.333,39.184,22.309,49.878,39.392,42.795,52.986,34.027,33.645,52.621,32.951,42.5,55.138,35.694,49.409,48.229,33.559,44.67,50.19,28.593,46.163,47.065,30.659,54.565,41.753,33.003,50.815,44.322,32.222,52.708,43.593,30.694,51.284,47.847,49.687,46.927,30.677,33.02,15.468,42.1,106.595,89.908,56.02,37.343,106.595,45.149
33.333,33.333,33.333,33.333,33.333,33.333,33.333,33.333,33.333,39.097,22.17,49.895,39.375,42.76,53.038,34.079,33.697,52.534,32.951,42.552,55.069,35.694,49.392,48.229,33.541,44.67,50.243,28.68,46.249,46.961,30.711,54.618,41.614,33.055,50.885,44.114,32.274,52.743,43.454,30.659,51.319,47.812,49.774,46.77,30.59,33.02,15.399,42.1,106.595,89.908,56.006,37.343,106.595,45.149
33.333,33.333,33.333,33.333,33.333,33.333,33.333,33.333,33.333,38.993,22.187,49.878,39.34,42.777,53.02,34.01,33.767,52.5,32.899,42.604,55,35.677,49.409,48.177,33.489,44.704,50.208,28.68,46.336,46.77,30.677,54.687,41.527,33.038,50.902,44.01,32.222,52.812,43.315,30.607,51.371,47.795,49.652,46.875,30.468,33.107,15.382,42.083,106.595,89.908,55.992,37.343,106.595,45.149
33.333,33.333,33.333,33.333,33.333,33.333,33.333,33.333,33.333,39.149,22.343,49.913,39.392,42.916,52.916,34.149,33.854,52.482,33.003,42.673,54.982,35.729,49.479,48.107,33.559,44.722,50.208,28.732,46.354,46.753,30.746,54.704,41.493,33.09,50.902,44.027,32.257,52.812,43.385,30.642,51.423,47.725,49.531,46.944,30.312,33.073,15.364,41.996,106.595,89.908,55.977,37.343,106.595,45.149
33.333,33.333,33.333,33.333,33.333,33.333,33.333,33.333,33.333,39.236,22.274,49.913,39.479,42.847,52.968,34.097,33.75,52.604,32.968,42.586,55.086,35.746,49.427,48.159,33.524,44.635,50.277,28.715,46.284,46.822,30.763,54.67,41.562,33.142,50.833,44.166,32.309,52.743,43.472,30.677,51.388,47.69,49.531,46.944,30.208,33.038,15.399,41.996,106.595,89.894,55.963,37.343,106.595,45.149
33.333,33.333,33.333,33.333,33.333,33.333,33.333,33.333,33.333,39.288,22.257,49.965,39.531,42.847,53.02,34.166,33.732,52.708,33.072,42.638,55.138,35.781,49.461,48.177,33.593,44.618,50.364,28.767,46.319,46.857,30.798,54.739,41.614,33.298,50.815,44.288,32.378,52.812,43.524,30.677,51.493,47.673,49.861,46.84,30.59,33.02,15.295,42.013,106.595,89.88,55.963,37.343,106.595,45.149
33.333,33.333,33.333,33.333,33.333,33.333,33.333,33.333,33.333,39.305,22.257,49.965,39.531,42.881,52.986,34.184,33.663,52.829,33.107,42.604,55.208,35.763,49.461,48.229,33.593,44.583,50.434,28.732,46.267,46.944,30.781,54.687,41.701,33.316,50.746,44.479,32.43,52.777,43.628,30.729,51.423,47.743,49.947,46.944,30.868,33.055,15.347,42.013,106.595,89.865,55.963,37.343,106.595,45.149
33.333,33.333,33.333,33.333,33.333,33.333,33.333,33.333,33.333,39.375,22.291,49.965,39.6,42.916,52.951,34.305,33.697,52.847,33.194,42.656,55.243,35.85,49.513,48.246,33.68,44.565,50.451,28.767,46.232,47.065,30.798,54.67,41.736,33.316,50.729,44.479,32.448,52.76,43.663,30.763,51.406,47.725,50.069,46.892,31.163,33.003,15.364,41.996,106.595,89.851,55.963,37.343,106.595,45.149
33.333,33.333,33.333,33.333,33.333,33.333,33.333,33.333,33.333,39.236,22.257,49.93,39.513,42.812,53.02,34.184,33.628,52.899,33.125,42.569,55.26,35.798,49.427,48.298,33.541,44.513,50.572,28.663,46.163,47.083,30.729,54.635,41.77,33.263,50.659,44.531,32.465,52.708,43.663,30.746,51.267,47.795,50.138,46.857,31.371,33.055,15.468,42.013,106.595,89.837,55.963,37.343,106.595,45.149
33.333,33.333,33.333,33.333,33.333,33.333,33.333,33.333,33.333,39.201,22.309,49.895,39.392,42.743,53.072,34.079,33.576,52.934,32.951,42.5,55.295,35.729,49.375,48.385,33.437,44.531,50.572,28.611,46.18,47.013,30.711,54.652,41.666,33.211,50.711,44.357,32.395,52.743,43.524,30.711,51.371,47.725,50.243,46.788,31.406,33.09,15.468,42.065,106.595,89.837,55.963,37.343,106.595,45.149
33.333,33.333,33.333,33.333,33.333,33.333,33.333,33.333,33.333,39.131,22.343,49.826,39.427,42.76,53.02,34.027,33.732,52.708,32.986,42.673,55.086,35.781,49.444,48.229,33.437,44.6,50.451,28.698,46.25,46.927,30.746,54.67,41.51,33.211,50.763,44.114,32.448,52.708,43.368,30.729,51.302,47.69,49.774,46.961,30.954,33.125,15.573,42.013,106.595,89.837,55.963,37.343,106.595,45.149
33.333,33.333,33.333,33.333,33.333,33.333,33.333,33.333,33.333,39.253,22.517,49.826,39.531,42.829,52.934,34.218,33.836,52.621,33.107,42.76,55.017,35.92,49.479,48.159,33.489,44.635,50.364,28.802,46.267,46.927,30.85,54.722,41.493,33.333,50.781,43.993,32.517,52.76,43.211,30.816,51.336,47.604,49.635,46.979,30.746,33.038,15.59,41.961,106.595,89.837,55.963,37.343,106.595,45.149
33.333,33.333,33.333,33.333,33.333,33.333,33.333,33.333,33.333,39.253,22.448,49.826,39.548,42.76,52.968,34.097,33.784,52.586,32.968,42.656,55.034,35.85,49.392,48.177,33.472,44.635,50.364,28.836,46.25,46.909,30.816,54.704,41.51,33.368,50.798,44.045,32.534,52.743,43.246,30.85,51.371,47.586,49.67,47.031,30.572,33.09,15.573,42.013,106.595,89.837,55.963,37.343,106.595,45.149
33.333,33.333,33.333,33.333,33.333,33.333,33.333,33.333,33.333,39.27,22.43,49.843,39.531,42.847,52.899,34.114,33.923,52.465,32.968,42.864,54.913,35.798,49.496,48.125,33.506,44.739,50.19,28.854,46.423,46.753,30.763,54.756,41.388,33.263,50.85,44.114,32.343,52.829,43.246,30.746,51.423,47.586,49.479,47.1,30.347,33.09,15.52,42.083,106.595,89.837,55.963,37.343,106.595,45.149
33.333,33.333,33.333,33.333,33.333,33.333,33.333,33.333,33.333,39.27,22.309,49.878,39.635,42.864,52.951,34.166,33.958,52.447,33.159,42.951,54.93,35.833,49.548,48.107,33.559,44.791,50.138,28.836,46.44,46.736,30.746,54.791,41.493,33.194,50.902,44.218,32.291,52.864,43.246,30.711,51.388,47.656,49.392,47.152,30.156,33.09,15.468,42.1,106.595,89.837,55.963,37.343,106.595,45.149
33.333,33.333,33.333,33.333,33.333,33.333,33.333,33.333,33.333,39.27,22.239,49.913,39.618,42.777,53.003,34.131,33.767,52.656,33.055,42.673,55.156,35.798,49.392,48.315,33.489,44.722,50.225,28.767,46.319,46.84,30.729,54.756,41.597,33.073,50.868,44.288,32.17,52.864,43.263,30.711,51.371,47.656,49.565,47.135,30.121,33.073,15.503,42.135,106.595,89.837,55.963,37.343,106.595,45.149
33.333,33.333,33.333,33.333,33.333,33.333,33.333,33.333,33.333,39.184,22.17,49.913,39.565,42.795,53.072,34.027,33.94,52.499,33.02,42.829,55.069,35.711,49.444,48.229,33.506,44.809,50.138,28.767,46.406,46.736,30.659,54.774,41.51,33.02,50.902,44.201,32.1,52.864,43.315,30.607,51.371,47.673,49.565,47.1,30.277,33.142,15.503,42.135,106.595,89.837,55.963,37.343,106.595,45.149
33.333,33.333,33.333,33.333,33.333,33.333,33.333,33.333,33.333,39.218,22.257,49.861,39.531,42.777,52.986,33.975,33.819,53.107,33.038,43.003,55.017,35.729,49.583,47.864,33.541,44.826,50.156,28.645,46.51,46.579,30.694,54.791,41.458,33.038,50.868,44.201,32.083,52.864,43.368,30.573,51.336,47.76,49.565,47.135,30.086,33.125,15.503,42.152,106.595,89.837,55.949,37.343,106.595,45.321
33.333,33.333,33.333,33.333,33.333,33.333,33.333,33.333,33.333,39.322,22.257,49.861,39.652,42.69,52.986,33.94,33.767,53.437,33.02,42.847,55.312,35.763,49.392,48.09,33.593,44.722,50.295,28.715,46.336,46.753,30.833,54.739,41.649,33.211,50.85,44.079,32.291,52.829,43.315,30.729,51.354,47.69,49.774,47.013,30.243,33.038,15.52,42.013,106.595,89.837,55.977,37.343,106.595,45.608
33.333,33.333,33.333,33.333,33.333,33.333,33.333,33.333,33.333,39.392,22.274,49.913,39.722,42.76,52.968,34.027,34.375,53.281,33.003,43.194,55.208,35.798,49.409,48.194,33.75,45,50.277,28.802,46.51,46.788,30.798,54.791,41.302,33.316,50.902,44.027,32.361,52.881,43.35,30.711,51.406,47.76,49.826,47.083,30.538,33.055,15.451,42.083,106.595,89.837,56.035,37.343,106.595,45.923
33.333,33.333,33.333,33.333,33.333,33.333,33.333,33.333,33.333,39.67,22.17,49.947,39.895,42.725,53.038,33.975,34.565,53.593,32.968,43.246,55.364,35.798,49.218,48.385,33.75,45,50.434,28.75,46.44,46.909,30.816,54.739,41.44,33.437,50.868,44.131,32.447,52.899,43.42,30.746,51.406,47.795,49.982,47.048,30.816,33.02,15.382,42.065,106.595,89.837,56.106,37.343,106.595,46.238
33.333,33.333,33.333,33.333,33.333,33.333,33.333,33.333,33.333,39.809,22.395,49.947,39.913,42.829,52.881,33.94,35.104,53.402,32.864,43.559,55.19,35.729,49.305,48.42,33.75,45.277,50.295,28.732,46.614,46.805,30.816,54.809,41.354,33.298,50.972,44.079,32.378,52.951,43.263,30.729,51.527,47.725,49.947,47.135,30.555,33.02,15.277,42.048,106.595,89.822,56.178,37.329,106.595,46.539
33.333,33.333,33.333,33.333,33.333,33.333,33.333,33.333,33.333,40.034,22.17,50.017,40.121,42.76,53.038,34.218,35.677,52.725,33.038,43.732,55.086,35.868,49.201,48.836,33.628,45.416,50.399,28.871,46.527,46.909,30.781,54.791,41.128,33.298,51.024,44.045,32.448,52.951,43.211,30.816,51.562,47.604,49.895,47.065,30.868,32.986,15.208,42.048,106.595,89.808,56.264,37.329,106.595,46.667
33.333,33.333,33.333,33.333,33.333,33.333,33.333,33.333,33.333,40.329,22.378,50,40.19,42.968,52.916,34.34,36.354,52.204,33.038,44.184,54.618,35.902,49.427,48.559,33.541,45.746,50.156,28.767,46.805,46.631,30.59,54.861,40.885,33.263,51.041,44.027,32.361,52.951,43.263,30.677,51.562,47.552,49.722,47.256,30.816,33.125,15.191,42.013,106.595,89.794,56.307,37.329,106.595,46.667
33.333,33.333,33.333,33.333,33.333,33.333,33.333,33.333,33.333,40.555,22.934,49.861,40.26,43.177,52.465,34.305,36.44,52.395,32.968,44.357,54.34,35.85,49.513,48.246,33.402,45.954,49.791,28.645,46.944,46.336,30.59,54.791,41.145,32.777,50.885,44.166,32.083,52.795,43.177,30.538,51.493,47.204,49.357,47.291,30.694,33.177,15.312,41.805,106.595,89.779,56.321,37.329,106.595,46.639
33.333,33.333,33.333,33.333,33.333,33.333,33.333,33.333,33.333,40.781,23.298,49.739,40.451,43.315,52.17,34.531,36.857,52.048,33.055,44.652,54.114,35.954,49.704,47.951,33.298,46.197,49.652,28.645,47.187,46.128,30.538,54.843,40.954,32.638,50.902,44.201,31.788,52.743,43.072,30.399,51.545,47.1,49.184,47.395,30.434,33.177,15.347,41.736,106.595,89.765,56.335,37.329,106.595,46.596
33.333,33.333,33.333,33.333,33.333,33.333,33.333,33.333,33.333,41.267,23.107,49.722,40.868,43.159,52.256,34.496,36.996,52.152,33.09,44.809,54.01,36.059,49.722,47.934,33.368,46.371,49.687,28.767,47.465,45.885,30.416,54.947,40.746,32.256,50.937,44.027,31.597,52.795,42.968,30.225,51.649,47.013,49.236,47.482,30.625,33.246,15.208,41.788,106.595,89.765,56.35,37.343,106.595,46.582
33.333,33.333,33.333,33.333,33.333,33.333,33.333,33.333,33.333,41.666,23.854,49.635,41.006,43.472,51.736,34.722,37.586,52.013,32.951,44.774,54.184,35.885,49.444,47.916,33.246,46.753,49.062,28.385,47.656,45.607,30.295,54.826,40.746,32.204,50.798,43.975,31.441,52.517,43.159,29.965,51.354,47.135,48.593,47.673,30.225,33.333,15.468,41.493,106.595,89.765,56.35,37.343,106.595,46.682
33.333,33.333,33.333,33.333,33.333,33.333,33.333,33.333,33.333,41.875,23.958,49.548,41.25,43.35,51.701,34.479,38.177,51.649,32.621,45.156,53.94,35.659,49.34,48.055,32.951,47.378,48.159,28.472,48.142,45.017,30.104,54.774,40.798,32.1,50.868,43.75,31.354,52.534,42.934,29.895,51.475,46.909,48.038,47.69,29.531,33.368,15.503,41.458,106.595,89.779,56.35,37.358,106.595,46.983
33.333,33.333,33.333,33.333,33.333,33.333,33.333,33.333,33.333,42.187,23.715,49.635,41.406,43.229,51.875,33.871,38.854,51.006,32.118,45.52,53.871,35.538,49.218,48.368,32.152,47.916,47.552,28.055,48.402,44.704,29.757,54.67,40.954,32.326,50.85,43.94,31.388,52.517,43.246,29.878,51.458,47.256,48.09,47.725,29.357,33.35,15.382,41.458,106.595,89.808,56.364,37.386,106.595,47.341
33.333,33.333,33.333,33.333,33.333,33.333,33.333,33.333,33.333,42.361,23.889,49.843,41.388,43.298,51.979,33.368,39.704,51.093,31.77,46.267,53.541,35.225,49.184,48.506,31.597,48.767,46.909,27.725,48.784,44.461,29.427,54.461,41.406,32.552,50.746,44.27,31.631,52.361,43.767,29.895,51.475,47.534,48.125,47.812,29.583,33.472,15.225,41.51,106.595,89.851,56.378,37.415,106.595,47.756
33.333,33.333,33.333,33.333,33.333,33.333,33.333,33.333,33.333,42.361,24.357,49.913,41.388,43.506,51.909,32.708,40.781,50.833,31.25,46.979,53.159,35.052,49.114,48.715,31.024,49.635,45.885,27.309,49.079,44.01,29.149,54.149,41.875,32.968,50.642,44.739,31.718,52.204,44.045,29.913,51.371,47.517,47.968,47.881,29.461,33.472,15.225,41.302,106.595,89.908,56.45,37.458,106.595,48.171
33.333,33.333,33.333,33.333,33.333,33.333,33.333,33.333,33.333,42.43,23.819,50.121,41.423,43.072,52.378,31.076,41.076,51.18,30.451,47.465,52.899,34.861,48.697,49.079,30.191,50.052,45.555,26.996,49.409,43.645,28.819,53.854,42.708,32.899,50.642,45.104,31.718,52.326,44.027,29.913,51.597,47.673,49.01,47.795,29.895,33.472,14.878,41.475,106.595,89.994,56.55,37.515,106.595,48.501
33.333,33.333,33.333,33.333,33.333,33.333,33.333,33.333,33.333,42.343,23.802,50.295,41.319,42.916,52.5,29.895,41.232,51.996,30.017,47.5,53.229,34.913,48.003,49.531,30,50.138,46.267,26.632,49.131,44.097,28.663,53.42,43.315,32.986,50.381,45.694,31.753,52.048,44.548,29.913,51.302,48.055,49.374,47.812,30.52,33.506,14.878,41.423,106.595,90.066,56.636,37.587,106.595,48.673
33.333,33.333,33.333,33.333,33.333,33.333,33.333,33.333,33.333,42.326,24.948,50.104,41.25,43.211,51.996,29.704,42.291,51.302,30,48.177,52.482,34.843,47.864,49.392,30.763,50.277,46.18,27.1,49.045,44.166,28.871,53.211,43.42,33.75,50.26,45.416,32.326,51.892,44.479,30.277,51.128,47.934,49.027,48.038,30.659,33.593,15,41.006,106.595,90.123,56.708,37.658,106.595,48.802
33.333,33.333,33.333,33.333,33.333,33.333,33.333,33.333,33.333,42.621,25.312,50,41.406,43.263,51.788,29.409,43.437,49.843,29.913,48.802,51.701,35.017,47.881,49.322,31.562,50.659,45.399,27.656,49.253,43.767,29.236,53.281,43.402,34.079,50.503,44.704,32.691,52.065,44.114,30.451,51.145,47.76,48.663,48.177,30.659,33.628,14.895,40.642,106.595,90.166,56.751,37.744,106.595,48.888
33.333,33.333,33.333,33.333,33.333,33.333,33.333,33.333,33.333,42.604,25.277,50.069,41.319,42.951,51.77,29.027,43.437,50.034,29.861,48.715,51.736,35.104,47.361,49.479,31.632,50.52,45.52,27.812,49.114,43.958,29.514,53.159,43.697,34.253,50.399,44.548,33.003,52.013,44.166,30.642,51.059,47.881,48.75,48.281,30.781,33.611,14.947,40.451,106.595,90.18,56.736,37.816,106.595,48.959
33.333,33.333,33.333,33.333,33.333,33.333,33.333,33.333,33.333,42.638,25.85,50.086,41.267,43.298,51.631,29.409,44.375,49.079,30.086,49.444,51.076,35.069,47.847,49.34,32.291,50.92,45.208,28.263,49.375,43.854,29.6,53.402,43.576,34.392,50.555,44.375,33.072,52.118,43.993,30.573,51.093,47.743,48.263,48.437,30.677,33.802,14.826,40.312,106.595,90.166,56.694,37.873,106.595,49.002
33.333,33.333,33.333,33.333,33.333,33.333,33.333,33.333,33.333,42.673,25.937,50.156,41.197,43.42,51.649,29.461,45.173,48.055,30.156,50.086,50.451,34.982,48.333,49.131,32.395,51.302,44.409,28.454,49.756,43.489,29.704,53.663,43.368,34.461,50.833,43.993,33.125,52.343,43.802,30.486,51.25,47.725,48.298,48.541,30.59,33.871,14.618,40.277,106.595,90.138,56.665,37.902,106.595,49.002
33.333,33.333,33.333,33.333,33.333,33.333,33.333,33.333,33.333,42.621,25.156,50.503,41.197,43.072,52.204,29.166,45.034,48.454,30.069,49.982,50.677,34.982,48.281,49.288,32.1,51.44,44.27,28.35,50.017,43.246,29.583,53.75,43.472,33.975,51.041,43.819,32.847,52.552,43.593,30.208,51.475,47.673,48.645,48.524,30.364,33.923,14.444,40.399,106.595,90.109,56.636,37.916,106.595,48.988
33.333,33.333,33.333,33.333,33.333,33.333,33.333,33.333,33.333,42.222,25.26,50.572,40.937,43.107,52.204,28.854,44.756,48.906,29.878,49.791,50.85,34.791,48.072,49.461,31.666,51.25,44.6,28.159,49.982,43.333,29.357,53.593,43.402,33.628,50.868,44.114,32.552,52.43,43.697,30.017,51.302,47.69,48.593,48.489,30.347,33.975,14.6,40.52,106.595,90.08,56.608,37.916,106.595,48.973
33.333,33.333,33.333,33.333,33.333,33.333,33.333,33.333,33.333,42.222,25.382,50.59,40.92,43.315,52.17,29.079,45.138,48.246,29.948,50.052,50.677,34.739,48.333,49.392,31.857,51.371,44.565,28.281,50.086,43.263,29.34,53.663,43.298,33.645,51.006,43.923,32.517,52.517,43.68,29.913,51.319,47.69,48.402,48.454,30.017,34.045,14.496,40.642,106.595,90.052,56.579,37.916,106.595,48.959
33.333,33.333,33.333,33.333,33.333,33.333,33.333,33.333,33.333,42.083,25.329,50.555,40.868,43.246,52.152,28.784,44.895,48.541,29.826,49.809,50.885,34.809,48.072,49.427,31.788,51.128,44.947,28.246,49.809,43.611,29.409,53.472,43.368,33.68,50.815,44.027,32.517,52.361,44.01,29.982,51.145,47.743,48.072,48.506,29.878,33.993,14.739,40.572,106.595,90.023,56.565,37.902,106.595,48.945
33.333,33.333,33.333,33.333,33.333,33.333,33.333,33.333,33.333,42.065,25.746,50.503,40.85,43.385,51.979,29.097,44.913,48.385,29.791,49.791,50.659,34.791,48.211,49.34,31.927,51.041,44.982,28.211,49.739,43.524,29.409,53.385,43.315,33.593,50.746,43.958,32.465,52.326,43.906,30,51.145,47.638,48.194,48.437,30.052,34.027,14.809,40.468,106.595,90.009,56.55,37.888,106.595,48.945
33.333,33.333,33.333,33.333,33.333,33.333,33.333,33.333,33.333,42.135,25.659,50.503,40.954,43.368,52.031,29.114,44.809,48.194,29.809,49.756,50.607,34.861,48.142,49.427,31.979,50.902,44.965,28.263,49.635,43.593,29.461,53.35,43.42,33.645,50.729,43.975,32.534,52.291,43.993,30.017,51.059,47.795,48.281,48.368,30.399,33.923,14.739,40.677,106.595,89.98,56.536,37.873,106.595,48.945
33.333,33.333,33.333,33.333,33.333,33.333,33.333,33.333,33.333,42.239,25.382,50.434,41.076,43.246,52.204,29.236,44.809,47.829,29.861,49.722,50.572,34.947,48.194,49.513,31.944,50.746,44.791,28.333,49.565,43.628,29.409,53.42,43.576,33.645,50.781,43.802,32.517,52.361,44.045,30.052,51.111,47.986,48.489,48.333,30.208,33.906,14.774,40.798,106.595,89.937,56.522,37.859,106.595,48.945
33.333,33.333,33.333,33.333,33.333,33.333,33.333,33.333,33.333,42.413,25.052,50.486,41.18,43.072,52.43,29.27,44.253,48.402,29.948,49.253,51.128,35.121,47.899,49.774,31.996,50.034,45.399,28.402,48.993,44.34,29.444,53.315,43.94,33.732,50.642,43.958,32.552,52.274,44.288,30.052,51.006,48.263,48.663,48.246,30.121,33.802,14.826,40.885,106.595,89.894,56.436,37.83,106.595,48.916
33.333,33.333,33.333,33.333,33.333,33.333,33.333,33.333,33.333,42.239,24.774,50.59,40.989,43.125,52.517,29.635,43.94,48.315,30.086,49.027,51.215,35.052,48.09,49.67,32.395,49.34,46.024,28.576,48.576,44.756,29.409,53.402,43.906,33.767,50.572,44.097,32.5,52.291,44.322,29.878,50.972,48.385,48.437,48.177,30.086,33.836,14.878,41.041,106.595,89.837,56.264,37.773,106.595,48.83
33.333,33.333,33.333,33.333,33.333,33.333,33.333,33.333,33.333,41.979,24.687,50.503,40.763,43.229,52.326,30.191,43.194,48.993,30.59,48.541,51.77,35.225,48.02,49.548,32.847,48.263,47.083,28.941,47.934,45.486,29.704,53.402,44.027,34.079,50.434,44.218,32.621,52.135,44.479,29.878,50.763,48.593,48.385,48.194,30.208,33.663,14.965,41.093,106.595,89.765,56.035,37.687,106.595,48.673
33.333,33.333,33.333,33.333,33.333,33.333,33.333,33.333,33.333,41.666,24.253,50.451,40.503,43.229,52.465,30.798,42.152,49.895,30.902,47.812,52.413,35.364,48.055,49.565,33.263,47.065,48.402,29.079,47.118,46.388,29.809,53.385,44.184,34.34,50.26,44.652,32.517,52.013,44.878,29.757,50.59,48.888,48.559,48.072,30,33.559,15.017,41.215,106.595,89.694,55.763,37.587,106.595,48.458
33.333,33.333,33.333,33.333,33.333,33.333,33.333,33.333,33.333,41.163,23.993,50.468,40.138,43.402,52.395,31.059,40.746,51.267,30.937,46.996,53.177,35.364,47.899,49.513,33.472,45.902,49.722,28.975,46.25,47.135,29.93,53.298,44.218,34.322,50.034,45.121,32.326,51.77,45.121,29.513,50.347,48.94,48.489,48.02,30,33.454,15.104,41.215,106.595,89.622,55.462,37.472,106.595,48.2
33.333,33.333,33.333,33.333,33.333,33.333,33.333,33.333,33.333,40.52,23.906,50.347,39.756,43.68,52.291,31.336,40.19,51.041,30.989,46.736,53.055,35.243,48.315,49.131,33.628,45.243,50.173,28.941,45.989,47.222,29.982,53.42,43.94,34.357,49.982,45.243,32.118,51.701,45.069,29.375,50.277,48.888,48.559,47.934,30.399,33.437,15.225,41.302,106.595,89.565,55.204,37.372,106.595,47.914
33.333,33.333,33.333,33.333,33.333,33.333,33.333,33.333,33.333,40.19,23.732,50.208,39.652,43.767,52.326,31.614,39.27,51.493,31.145,46.197,53.437,35.399,48.454,49.045,33.628,44.756,50.329,28.993,45.694,47.395,30.225,53.472,43.854,34.479,50.017,45.104,32.152,51.666,45.052,29.409,50.243,48.854,49.097,47.829,30.659,33.263,15.173,41.388,106.595,89.522,54.96,37.315,106.595,47.598
33.333,33.333,33.333,33.333,33.333,33.333,33.333,33.333,33.333,39.895,23.003,50.243,39.565,43.663,52.656,31.024,38.072,51.597,30.538,45.364,53.923,35.121,48.368,49.201,32.986,44.201,50.59,28.559,45.277,47.656,30,53.437,43.871,34.149,49.982,45.312,31.805,51.684,45.034,29.166,50.208,48.888,49.149,47.638,30.677,33.263,15.121,41.51,106.595,89.507,54.731,37.272,106.595,47.212
33.333,33.333,33.333,33.333,33.333,33.333,33.333,33.333,33.333,39.583,23.211,50.138,39.34,44.027,52.309,31.753,37.361,51.77,31.024,45.138,53.836,35.121,48.75,48.819,33.281,43.958,50.815,28.68,45.243,47.708,30.104,53.489,43.385,34.357,50.052,45.121,31.979,51.666,44.878,29.236,50.19,48.593,49.062,47.673,31.041,33.402,15.26,41.319,106.595,89.507,54.502,37.243,95.308,46.71
33.333,33.333,33.333,33.333,33.333,33.333,33.333,33.333,33.333,39.184,22.899,50.173,39.218,44.166,52.482,32.552,36.51,51.753,31.805,44.809,53.94,35.52,49.322,48.576,33.732,44.131,50.434,29.062,45.607,47.569,30.295,53.906,43.159,34.548,50.434,44.6,32.257,52.1,44.513,29.34,50.329,48.628,49.461,47.534,31.093,33.281,15.138,41.371,106.595,89.522,54.287,37.214,80.957,46.18
33.333,33.333,33.333,33.333,33.333,33.333,33.333,33.333,33.333,38.645,22.118,50.208,38.888,44.097,52.847,33.315,34.704,52.777,32.552,43.767,54.756,35.937,49.374,48.715,34.079,43.75,51.145,29.253,45.434,48.02,30.416,53.993,43.315,34.895,50.52,44.67,32.638,52.152,44.635,29.514,50.243,48.854,49.982,47.43,31.406,33.159,15.104,41.51,106.595,89.536,54.087,37.186,66.548,45.651
33.333,33.333,33.333,33.333,33.333,33.333,33.333,33.333,33.333,37.934,21.927,50.069,38.42,44.097,52.795,33.854,33.281,53.211,33.055,43.003,55.034,36.059,49.409,48.541,34.079,43.437,51.406,29.149,45.225,48.159,30.329,53.906,43.35,34.947,50.468,44.843,32.691,52.1,44.739,29.566,50.086,48.958,50,47.239,31.284,33.055,15.26,41.44,106.595,89.55,53.929,37.157,52.124,45.149
33.333,33.333,33.333,33.333,33.333,33.333,33.333,33.333,33.333,37.395,21.823,49.965,38.09,44.236,52.777,35.017,32.621,53.298,34.131,42.812,54.93,36.527,49.756,48.142,34.739,43.628,51.18,29.496,45.416,47.968,30.573,54.062,43.072,35.347,50.538,44.583,33.142,52.17,44.531,29.774,50.138,48.906,50.243,47.135,31.145,32.968,15.277,41.527,106.595,89.55,53.8,37.143,37.673,44.763
33.333,33.333,33.333,33.333,33.333,33.333,33.333,33.333,33.333,36.579,21.215,49.861,37.604,43.888,53.107,34.67,31.632,53.315,34.027,42.031,55.381,36.597,49.479,48.263,34.253,43.645,50.989,29.323,45.399,47.795,30.538,54.045,43.159,34.878,50.538,44.409,32.986,52.187,44.409,29.652,50.069,49.149,50.243,46.875,30.763,32.812,15.329,41.736,106.595,89.536,53.7,37.128,34.493,44.548
33.333,33.333,33.333,33.333,33.333,33.333,33.333,33.333,33.333,36.302,21.145,49.756,37.274,43.819,53.038,34.6,31.423,53.09,33.906,41.736,55.486,36.458,49.392,48.159,34.097,43.472,51.232,29.079,45.208,47.795,30.434,53.802,43.055,34.913,50.329,44.618,32.899,51.892,44.496,29.635,49.982,49.062,49.878,46.892,30.399,32.864,15.434,41.77,106.595,89.522,53.628,37.128,34.378,44.39
33.333,33.333,33.333,33.333,33.333,33.333,33.333,33.333,33.333,36.111,21.51,49.635,37.135,43.975,52.708,34.496,31.753,52.638,33.68,41.909,55.173,36.197,49.479,47.847,33.732,43.697,50.746,28.802,45.312,47.447,30.243,53.697,42.777,34.67,50.277,44.687,32.638,51.84,44.479,29.427,49.982,49.01,49.357,46.961,30.138,32.968,15.434,41.736,106.595,89.493,53.557,37.128,34.307,44.276
33.333,33.333,33.333,33.333,33.333,33.333,33.333,33.333,33.333,36.111,21.336,49.687,37.291,44.079,52.743,34.531,31.927,52.465,33.68,42.031,55.156,36.284,49.618,47.899,33.732,43.94,50.555,28.906,45.659,47.222,30.33,53.888,42.604,34.565,50.434,44.34,32.691,52.031,44.166,29.461,50.19,48.888,49.427,47.048,30.052,32.968,15.277,41.753,106.595,89.464,53.499,37.114,34.25,44.218
33.333,33.333,33.333,33.333,33.333,33.333,33.333,33.333,33.333,35.815,21.267,49.687,37.187,44.062,52.829,34.253,31.875,52.604,33.42,42.031,55.156,36.093,49.635,47.968,33.437,44.062,50.607,28.645,45.798,47.187,30.104,53.94,42.621,34.305,50.503,44.392,32.413,52.118,44.253,29.322,50.243,48.906,49.288,47.118,30.017,33.055,15.243,41.753,106.595,89.436,53.457,37.1,36.398,44.175
33.333,33.333,33.333,33.333,33.333,33.333,33.333,33.333,33.333,35.937,21.406,49.809,37.309,44.288,52.795,34.236,32.066,52.604,33.316,42.187,55.19,36.006,49.791,47.968,33.385,44.131,50.711,28.454,45.85,47.222,29.93,53.993,42.76,34.322,50.486,44.618,32.309,52.17,44.357,29.27,50.312,48.819,49.357,47.256,30.277,33.073,15.173,41.805,106.595,89.407,53.428,37.085,50.864,44.132
33.333,33.333,33.333,33.333,33.333,33.333,33.333,33.333,33.333,35.781,21.267,49.826,37.326,44.218,52.916,34.045,31.892,52.795,33.211,42.048,55.26,35.937,49.722,48.072,33.194,44.114,50.781,28.35,45.85,47.256,29.843,53.94,42.881,34.236,50.468,44.67,32.309,52.187,44.409,29.27,50.295,48.802,49.687,47.204,30.85,33.073,15.173,41.822,106.595,89.378,53.385,37.071,64.399,44.104
33.333,33.333,33.333,33.333,33.333,33.333,33.333,33.333,33.333,35.833,21.302,49.878,37.378,44.218,52.916,33.923,31.77,53.02,33.159,41.996,55.329,35.885,49.652,48.177,33.194,44.166,50.729,28.316,45.85,47.239,29.774,53.958,42.968,34.218,50.416,44.687,32.291,52.17,44.461,29.288,50.295,48.767,49.739,47.17,30.677,33.02,15.26,41.822,106.595,89.35,53.356,37.057,77.662,44.089
33.333,33.333,33.333,33.333,33.333,33.333,33.333,33.333,33.333,35.85,21.336,49.878,37.361,44.184,52.951,33.802,31.823,53.072,33.09,41.944,55.364,35.781,49.548,48.177,33.038,44.079,50.92,28.107,45.642,47.378,29.635,53.819,43.125,34.201,50.329,44.982,32.135,52.031,44.704,29.149,50.19,48.906,49.513,47.239,30.625,33.09,15.312,41.909,106.595,89.321,53.342,37.057,80.813,44.075
33.333,33.333,33.333,33.333,33.333,33.333,33.333,33.333,33.333,36.041,21.527,49.965,37.465,44.322,52.847,34.01,32.204,52.951,33.229,42.187,55.347,35.92,49.635,48.072,33.35,44.27,50.624,28.454,45.711,47.413,29.67,53.871,42.968,34.288,50.364,44.843,32.309,52.031,44.652,29.184,50.225,48.75,49.513,47.256,30.885,33.09,15.329,41.909,106.595,89.278,53.328,37.057,82.031,44.089
33.333,33.333,33.333,33.333,33.333,33.333,33.333,33.333,33.333,36.006,21.493,49.93,37.447,44.253,52.812,33.888,32.135,53.072,33.159,42.152,55.364,35.885,49.548,48.055,33.246,44.34,50.434,28.437,45.729,47.309,29.652,53.802,42.951,34.288,50.329,44.895,32.326,51.927,44.704,29.201,50.19,48.784,49.427,47.291,30.729,33.072,15.382,41.84,106.595,89.25,53.313,37.057,82.031,44.104
33.333,33.333,33.333,33.333,33.333,33.333,33.333,33.333,33.333,35.989,21.51,49.965,37.395,44.253,52.777,33.854,32.1,53.281,33.125,42.118,55.486,35.833,49.444,48.159,33.194,44.322,50.729,28.35,45.677,47.343,29.479,53.819,43.038,34.201,50.277,45.138,32.204,51.892,44.791,29.079,50.19,48.906,49.305,47.343,30.625,33.125,15.347,41.961,106.595,89.221,53.299,37.057,82.962,44.118
33.333,33.333,33.333,33.333,33.333,33.333,33.333,33.333,33.333,36.059,21.718,49.982,37.447,44.305,52.673,33.975,32.135,53.697,33.142,42.361,55.329,35.885,49.392,48.107,33.211,44.548,50.59,28.385,45.85,47.135,29.496,53.802,42.829,34.045,50.312,44.947,32.204,51.857,44.722,29.184,50.173,48.697,48.975,47.5,30.156,33.072,15.364,41.822,106.595,89.192,53.285,37.042,84.179,44.161
33.333,33.333,33.333,33.333,33.333,33.333,33.333,33.333,33.333,36.267,22.1,50.086,37.552,44.496,52.499,33.68,32.569,53.663,32.743,42.76,55.208,35.677,49.461,48.072,33.09,44.878,50.416,28.35,46.111,46.927,29.409,53.802,42.76,33.975,50.312,44.861,32.187,51.892,44.652,29.253,50.225,48.559,48.888,47.604,29.982,33.072,15.364,41.701,106.595,89.164,53.27,37.028,95.509,44.276
33.333,33.333,33.333,33.333,33.333,33.333,33.333,33.333,33.333,36.423,22.291,50.138,37.604,44.513,52.395,32.916,32.569,54.322,32.066,42.638,55.52,35.329,49.166,48.42,32.586,45.034,50.798,27.916,46.163,46.875,29.132,53.611,43.02,33.819,50.208,45.381,31.979,51.77,44.947,29.253,50.208,48.697,49.079,47.656,30.26,33.09,15.295,41.631,106.595,89.149,53.242,37.014,106.595,44.447
33.333,33.333,33.333,33.333,33.333,33.333,33.333,33.333,33.333,37.048,22.986,50.381,37.951,45.034,52.118,32.899,34.357,53.211,31.857,43.94,54.565,35.208,49.6,48.142,32.847,45.954,50.017,28.142,46.857,46.267,29.166,53.854,42.743,33.923,50.416,45.017,32.135,52.031,44.548,29.461,50.486,48.368,48.506,47.934,29.809,33.194,15.104,41.406,106.595,89.121,53.213,36.999,106.595,44.748
33.333,33.333,33.333,33.333,33.333,33.333,33.333,33.333,33.333,37.552,23.177,50.555,38.229,45.19,52.1,32.256,35.52,52.69,31.25,44.687,54.166,34.878,49.652,48.107,32.586,46.753,49.236,27.986,47.326,45.815,29.062,53.836,42.69,33.784,50.503,44.878,32.083,52.065,44.513,29.496,50.642,48.142,48.368,48.09,30.121,33.385,15,41.267,106.595,89.092,53.213,36.985,106.595,45.149
33.333,33.333,33.333,33.333,33.333,33.333,33.333,33.333,33.333,37.465,23.611,50.694,38.055,45.399,51.822,31.215,36.597,52.43,30.486,45.104,54.131,34.427,49.461,48.263,32.326,47.482,48.576,27.934,47.725,45.451,29.027,53.697,42.673,33.68,50.52,44.861,32.014,52.118,44.34,29.392,50.694,48.003,48.09,48.246,30.798,33.715,15.104,40.868,106.595,89.063,53.242,36.985,106.595,45.636
33.333,33.333,33.333,33.333,33.333,33.333,33.333,33.333,33.333,37.17,24.444,50.763,37.656,45.885,51.44,30.972,38.663,50.902,30.26,46.354,52.951,34.149,49.67,47.986,32.43,48.697,46.631,28.159,48.559,44.322,28.975,53.94,42.118,33.402,50.833,44.097,31.996,52.239,43.871,29.323,50.92,47.517,47.517,48.454,31.041,34.045,15.173,40.572,106.595,89.035,53.285,36.985,106.595,46.123
33.333,33.333,33.333,33.333,33.333,33.333,33.333,33.333,33.333,37.274,24.843,50.885,37.5,46.163,51.25,30.625,40.173,49.722,29.965,47.309,52.013,33.906,49.878,47.604,32.309,49.513,45.607,28.125,49.114,43.611,28.958,54.045,41.805,33.194,51.128,43.298,31.892,52.43,43.35,29.184,51.111,47.222,46.927,48.645,30.781,34.34,15.086,40.468,106.595,89.006,53.342,36.985,106.595,46.582
33.333,33.333,33.333,33.333,33.333,33.333,33.333,33.333,33.333,36.736,24.722,50.954,37.065,45.989,51.336,29.757,40.208,50.277,29.323,46.857,52.656,33.402,49.375,47.916,31.805,49.687,45.763,27.725,49.027,43.784,28.611,53.767,42.222,32.916,51.059,43.645,31.632,52.326,43.697,28.906,50.902,47.465,47.309,48.715,31.84,34.618,15.139,40.607,106.595,88.977,53.414,36.985,106.595,46.94
33.333,33.333,33.333,33.333,33.333,33.333,33.333,33.333,33.333,36.336,25.225,51.024,36.684,46.249,51.163,29.305,41.128,49.878,28.958,47.378,52.256,33.09,49.461,47.916,31.51,50.243,45.138,27.621,49.392,43.524,28.507,53.802,42.152,32.708,51.215,43.524,31.51,52.517,43.541,28.802,50.937,47.482,47.065,48.923,31.909,34.791,15.104,40.538,106.595,88.934,53.485,36.985,106.595,47.226
33.333,33.333,33.333,33.333,33.333,33.333,33.333,33.333,33.333,36.423,24.895,51.145,36.805,46.197,51.562,29.097,41.822,49.218,28.767,47.968,51.77,33.003,49.652,48.003,31.319,50.607,44.861,27.482,49.704,43.333,28.298,54.01,42.309,32.604,51.44,43.385,31.371,52.76,43.489,28.697,51.163,47.638,47.083,49.079,31.51,34.947,14.757,40.989,106.595,88.891,53.557,36.985,106.595,47.427
33.333,33.333,33.333,33.333,33.333,33.333,33.333,33.333,33.333,36.649,24.479,51.319,36.961,45.885,51.84,28.42,41.024,50.59,28.368,47.291,52.569,32.986,49.131,48.454,30.85,50.295,46.041,27.048,49.322,43.993,28.177,53.663,42.864,32.621,51.18,44.079,31.319,52.725,43.68,28.645,51.024,47.899,47.395,49.097,31.597,34.947,14.652,41.093,106.595,88.863,53.643,36.985,106.595,47.57
33.333,33.333,33.333,33.333,33.333,33.333,33.333,33.333,33.333,36.684,24.583,51.354,37.048,45.85,51.944,28.281,41.597,49.965,28.263,47.69,52.204,32.951,49.218,48.524,30.677,50.607,45.347,27.031,49.565,43.645,28.159,53.75,42.795,32.448,51.25,43.94,31.284,52.847,43.524,28.645,51.111,47.829,47.395,49.201,31.284,35.034,14.67,41.128,106.595,88.834,53.743,36.999,106.595,47.67
33.333,33.333,33.333,33.333,33.333,33.333,33.333,33.333,33.333,36.788,24.444,51.354,37.187,45.677,52.118,28.09,41.631,50.086,28.298,47.881,51.805,33.177,49.201,48.645,30.659,50.711,45.104,27.066,49.687,43.489,28.229,53.784,42.638,32.43,51.284,43.802,31.267,52.864,43.368,28.628,51.197,47.743,47.361,49.149,30.972,35.034,14.687,41.128,106.595,88.82,53.829,37.014,106.595,47.742
33.333,33.333,33.333,33.333,33.333,33.333,33.333,33.333,33.333,37.118,24.548,51.388,37.413,45.52,52.1,28.09,41.371,50.451,28.385,47.725,51.927,33.368,48.906,48.767,30.677,50.538,45.451,27.066,49.496,43.576,28.281,53.593,42.76,32.5,51.128,43.888,31.371,52.725,43.437,28.697,51.059,47.777,47.361,49.114,30.729,34.913,14.791,40.989,106.595,88.805,53.915,37.028,106.595,47.77
33.333,33.333,33.333,33.333,33.333,33.333,33.333,33.333,33.333,37.309,25,51.371,37.552,45.607,51.875,28.281,41.77,49.982,28.507,47.899,51.684,33.402,49.114,48.454,30.833,50.694,45.121,27.17,49.6,43.333,28.35,53.663,42.586,32.517,51.215,43.576,31.493,52.76,43.125,28.767,51.145,47.586,47.465,49.062,31.111,34.809,14.739,40.868,106.595,88.805,53.958,37.042,106.595,47.77
33.333,33.333,33.333,33.333,33.333,33.333,33.333,33.333,33.333,37.378,24.409,51.371,37.829,45.138,52.222,28.09,41.545,50.104,28.524,47.69,51.961,33.506,49.166,48.541,30.989,50.746,45.052,27.222,49.635,43.333,28.316,53.715,42.552,32.638,51.319,43.506,31.562,52.76,43.263,28.854,51.128,47.743,47.517,49.114,30.937,34.791,14.566,41.076,106.595,88.777,53.944,37.057,106.595,47.756
33.333,33.333,33.333,33.333,33.333,33.333,33.333,33.333,33.333,37.621,24.357,51.319,38.02,44.895,52.204,28.09,41.059,50.729,28.489,47.256,52.395,33.437,48.888,48.628,30.85,50.468,45.694,27.031,49.34,43.697,28.246,53.472,42.795,32.638,51.076,44.01,31.493,52.586,43.628,28.819,50.885,48.003,47.274,49.149,30.92,34.756,14.722,41.059,106.595,88.748,53.886,37.057,106.595,47.742
33.333,33.333,33.333,33.333,33.333,33.333,33.333,33.333,33.333,38.281,24.618,51.267,38.506,44.861,52.065,28.316,41.18,50.503,28.611,47.395,52.465,33.541,49.062,48.628,30.868,50.451,45.763,27.066,49.375,43.715,28.333,53.489,42.864,32.604,51.093,44.01,31.441,52.586,43.645,28.888,50.85,48.038,47.343,48.993,30.868,34.652,14.722,41.041,106.595,88.705,53.8,37.057,106.595,47.713
33.333,33.333,33.333,33.333,33.333,33.333,33.333,33.333,33.333,38.906,24.513,51.059,39.045,44.687,52.031,28.645,41.336,50.19,28.819,47.482,52.413,33.715,49.288,48.506,31.145,50.503,45.538,27.291,49.565,43.559,28.454,53.663,42.777,32.743,51.197,43.819,31.545,52.708,43.506,28.993,50.954,48.003,47.326,48.993,30.451,34.565,14.652,41.128,106.595,88.677,53.686,37.057,106.595,47.67
33.333,33.333,33.333,33.333,33.333,33.333,33.333,33.333,33.333,39.67,24.496,50.937,39.461,44.461,52.013,28.906,40.989,50.694,29.045,47.135,52.795,33.906,49.097,48.611,31.145,50.295,45.902,27.309,49.375,43.854,28.507,53.506,42.986,32.743,51.059,44.097,31.545,52.586,43.767,29.079,50.798,48.159,47.5,48.854,30.243,34.375,14.809,41.111,106.595,88.648,53.571,37.057,106.595,47.598
33.333,33.333,33.333,33.333,33.333,33.333,33.333,33.333,33.333,40.486,24.965,50.798,39.809,44.635,51.736,29.774,41.371,50.069,29.531,47.552,52.326,34.027,49.427,48.368,31.423,50.364,45.468,27.604,49.548,43.715,28.68,53.663,42.951,32.829,51.163,43.871,31.684,52.708,43.576,29.184,50.937,48.142,47.899,48.715,30.434,34.253,14.843,41.145,106.595,88.634,53.457,37.057,106.595,47.47
33.333,33.333,33.333,33.333,33.333,33.333,33.333,33.333,33.333,40.885,24.722,50.711,40.156,44.565,51.805,30.173,41.024,50.381,30.086,47.5,52.395,34.444,49.618,48.385,31.996,50.347,45.329,28.003,49.583,43.75,28.906,53.784,43.003,33.211,51.302,43.42,32.066,52.708,43.368,29.427,50.954,48.038,48.333,48.472,30.573,34.01,14.809,41.197,106.595,88.619,53.342,37.057,106.595,47.283
33.333,33.333,33.333,33.333,33.333,33.333,33.333,33.333,33.333,41.145,24.67,50.538,40.138,44.513,51.684,30.399,40.729,50.138,30.225,47.222,52.43,34.444,49.565,48.263,31.892,50.086,45.486,27.986,49.392,43.767,28.871,53.628,42.951,33.107,51.145,43.489,32.031,52.534,43.437,29.409,50.798,48.142,48.159,48.472,30.347,33.923,15,41.093,106.595,88.634,53.227,37.042,106.595,47.069
33.333,33.333,33.333,33.333,33.333,33.333,33.333,33.333,33.333,41.076,24.323,50.486,40.086,44.427,51.77,30.243,40.104,50.451,30.156,46.736,52.725,34.375,49.392,48.35,31.562,49.704,45.972,27.795,49.045,44.01,28.767,53.454,43.055,32.725,51.076,43.42,31.805,52.361,43.506,29.34,50.659,48.194,48.437,48.194,30.486,33.906,15.034,41.18,106.595,88.662,53.098,37.028,106.595,46.868
33.333,33.333,33.333,33.333,33.333,33.333,33.333,33.333,33.333,41.006,24.045,50.329,39.982,44.375,51.788,29.93,39.67,50.277,29.895,46.475,52.725,34.218,49.322,48.385,31.267,49.427,46.232,27.604,48.767,44.097,28.611,53.35,43.107,32.5,50.954,43.593,31.632,52.274,43.593,29.27,50.503,48.263,48.593,48.142,30.659,33.958,15.121,41.18,106.595,88.677,52.97,37.014,106.595,46.682
33.333,33.333,33.333,33.333,33.333,33.333,33.333,33.333,33.333,40.885,23.958,50.138,39.965,44.409,51.701,29.531,39.305,50.399,29.566,46.25,52.847,34.062,49.218,48.385,30.85,49.131,46.857,27.326,48.593,44.149,28.437,53.281,43.194,32.135,50.85,43.697,31.302,52.204,43.663,29.097,50.451,48.281,48.472,48.003,30.486,33.94,15.121,41.111,106.595,88.691,52.855,36.999,106.595,46.553
33.333,33.333,33.333,33.333,33.333,33.333,33.333,33.333,33.333,41.006,23.576,50.121,39.913,44.27,51.892,29.201,39.045,50.364,29.166,45.92,53.072,33.906,48.993,48.559,30.503,48.871,47.43,27.083,48.437,44.322,28.298,53.229,43.333,31.892,50.729,44.149,30.972,52.239,43.871,29.01,50.52,48.472,48.697,47.986,30.364,33.923,14.982,41.25,106.595,88.705,52.755,36.985,106.595,46.467
33.333,33.333,33.333,33.333,33.333,33.333,33.333,33.333,33.333,40.85,23.454,50.069,39.878,44.27,51.979,29.027,38.836,50.763,29.114,45.815,53.177,33.906,48.906,48.576,30.642,48.836,47.447,27.083,48.385,44.409,28.316,53.246,43.454,32.066,50.746,44.114,31.041,52.256,43.94,29.114,50.572,48.454,48.888,47.986,30.416,33.888,14.965,41.354,106.595,88.691,52.669,36.985,106.595,46.424
33.333,33.333,33.333,33.333,33.333,33.333,33.333,33.333,33.333,41.197,23.628,50.017,40.017,44.305,51.944,29.201,39.062,50.399,29.166,46.059,52.881,33.906,49.062,48.472,30.85,49.01,46.996,27.204,48.541,44.253,28.35,53.333,43.35,32.291,50.781,44.045,31.163,52.378,43.836,29.184,50.729,48.402,48.836,47.899,30.277,33.836,14.878,41.423,106.595,88.662,52.611,36.985,106.595,46.395
33.333,33.333,33.333,33.333,33.333,33.333,33.333,33.333,33.333,41.25,23.368,49.982,40.138,44.045,52.1,29.097,38.715,50.781,29.218,45.833,53.09,34.01,48.94,48.628,30.902,48.854,47.222,27.204,48.437,44.479,28.402,53.229,43.559,32.552,50.694,44.27,31.302,52.309,44.062,29.253,50.694,48.611,48.68,47.812,29.809,33.802,14.878,41.649,106.595,88.634,52.554,36.985,106.595,46.381
33.333,33.333,33.333,33.333,33.333,33.333,33.333,33.333,33.333,41.562,23.159,49.982,40.312,43.923,52.256,29.184,38.472,50.937,29.409,45.555,53.298,34.149,48.75,48.836,31.111,48.784,47.083,27.361,48.263,44.687,28.559,53.038,43.732,32.812,50.607,44.236,31.684,52.118,44.253,29.427,50.538,48.854,48.923,47.673,30.208,33.75,15.017,41.666,106.595,88.605,52.497,36.985,106.595,46.367
33.333,33.333,33.333,33.333,33.333,33.333,33.333,33.333,33.333,41.684,23.298,49.878,40.486,43.854,52.135,29.392,38.315,51.024,29.652,45.399,53.454,34.288,48.611,48.923,31.319,48.611,47.135,27.534,48.072,44.93,28.715,52.812,43.975,33.055,50.468,44.357,32.013,51.979,44.427,29.6,50.347,48.958,48.836,47.621,30.277,33.68,15.191,41.631,106.595,88.576,52.44,36.985,106.595,46.367
33.333,33.333,33.333,33.333,33.333,33.333,33.333,33.333,33.333,41.927,23.264,49.826,40.659,43.836,52.1,29.635,38.02,51.44,29.757,45.138,53.767,34.34,48.472,49.114,31.597,48.454,47.447,27.76,47.934,45.208,28.802,52.69,44.166,33.159,50.434,44.409,32.274,51.979,44.479,29.652,50.277,49.062,49.097,47.5,30.486,33.697,15.156,41.701,106.595,88.562,52.382,36.985,106.595,46.367
33.333,33.333,33.333,33.333,33.333,33.333,33.333,33.333,33.333,41.84,22.951,49.843,40.607,43.645,52.222,29.635,37.534,51.927,29.826,44.774,54.062,34.461,48.229,49.305,31.805,48.177,47.881,27.882,47.69,45.52,28.906,52.534,44.496,33.402,50.277,44.687,32.465,51.875,44.67,29.791,50.104,49.236,49.288,47.517,30.659,33.611,15.26,41.684,106.595,88.548,52.311,36.985,106.595,46.352
33.333,33.333,33.333,33.333,33.333,33.333,33.333,33.333,33.333,41.892,23.003,49.826,40.625,43.784,52.118,30.121,37.534,51.927,30.086,44.618,54.236,34.6,48.107,49.409,32.274,48.003,48.125,28.194,47.552,45.746,29.079,52.482,44.565,33.697,50.26,44.565,32.777,51.788,44.67,30,50.017,49.236,49.565,47.499,31.163,33.541,15.347,41.562,106.595,88.548,52.239,36.985,106.595,46.324
33.333,33.333,33.333,33.333,33.333,33.333,33.333,33.333,33.333,41.944,23.246,49.704,40.59,43.854,51.927,30.555,37.517,51.892,30.26,44.6,54.253,34.583,48.142,49.34,32.673,47.934,48.142,28.559,47.534,45.902,29.184,52.534,44.67,34.027,50.26,44.6,32.916,51.892,44.635,30.104,49.965,49.131,49.427,47.378,30.833,33.472,15.399,41.631,106.595,88.548,52.182,36.985,106.595,46.295
33.333,33.333,33.333,33.333,33.333,33.333,33.333,33.333,33.333,41.892,22.968,49.67,40.607,43.767,52.135,30.573,37.118,52.204,30.243,44.375,54.444,34.618,48.038,49.531,32.725,47.725,48.559,28.541,47.378,46.18,29.079,52.5,44.861,34.131,50.19,44.861,32.864,51.805,44.93,30.086,49.895,49.357,49.704,47.326,30.729,33.437,15.364,41.822,106.595,88.548,52.125,36.985,106.595,46.281
33.333,33.333,33.333,33.333,33.333,33.333,33.333,33.333,33.333,42.048,22.743,49.618,40.711,43.593,52.291,30.52,36.996,52.031,30.26,44.305,54.444,34.635,47.934,49.583,32.534,47.5,48.697,28.368,47.152,46.302,28.958,52.465,44.982,34.131,50.121,44.982,32.76,51.736,45.086,30.069,49.895,49.427,49.6,47.256,30.364,33.35,15.33,41.909,106.595,88.548,52.082,36.985,106.595,46.266
33.333,33.333,33.333,33.333,33.333,33.333,33.333,33.333,33.333,42.17,22.795,49.496,40.902,43.454,52.291,30.694,36.909,52.083,30.347,44.184,54.565,34.774,47.777,49.687,32.534,47.204,49.01,28.316,46.857,46.562,28.975,52.309,45.156,34.288,49.965,45.295,32.829,51.51,45.399,30.069,49.739,49.583,49.6,47.204,30.26,33.333,15.416,41.927,106.595,88.562,52.039,36.985,106.595,46.266
33.333,33.333,33.333,33.333,33.333,33.333,33.333,33.333,33.333,42.395,22.795,49.392,41.006,43.246,52.326,30.555,36.753,52.083,30.295,44.131,54.496,34.756,47.638,49.67,32.152,46.875,49.149,28.038,46.545,46.666,28.871,52.152,45.26,34.097,49.756,45.677,32.569,51.319,45.659,29.861,49.6,49.6,49.322,47.1,29.826,33.316,15.52,41.961,106.595,88.576,52.01,36.985,106.595,46.281
33.333,33.333,33.333,33.333,33.333,33.333,33.333,33.333,33.333,42.447,22.777,49.375,41.18,43.194,52.291,30.573,36.909,51.996,30.434,44.305,54.357,35,47.656,49.687,32.187,46.631,49.34,27.968,46.371,46.666,28.871,52.118,45.138,33.993,49.67,45.659,32.482,51.232,45.694,29.774,49.618,49.618,49.027,47.291,29.531,33.298,15.416,41.909,106.595,88.576,51.967,36.985,106.595,46.295
33.333,33.333,33.333,33.333,33.333,33.333,33.333,33.333,33.333,42.795,23.003,49.357,41.44,43.177,52.083,30.677,37.135,52.048,30.52,44.427,54.218,35.138,47.656,49.722,32.274,46.44,49.201,28.055,46.215,46.684,28.993,52.135,44.982,34.045,49.67,45.572,32.569,51.215,45.607,29.809,49.618,49.531,48.871,47.291,29.635,33.281,15.382,41.753,106.595,88.576,51.938,36.985,106.595,46.309
33.333,33.333,33.333,33.333,33.333,33.333,33.333,33.333,33.333,42.812,23.316,49.34,41.388,43.159,51.961,30.59,37.152,52.204,30.486,44.461,54.218,35.138,47.517,49.809,32.326,46.25,49.305,28.142,46.111,46.805,29.027,52.048,45.034,34.184,49.444,46.076,32.586,51.076,45.85,29.722,49.374,49.704,48.836,47.343,29.878,33.333,15.573,41.666,106.595,88.576,51.895,36.985,106.595,46.338
33.333,33.333,33.333,33.333,33.333,33.333,33.333,33.333,33.333,42.934,23.194,49.392,41.406,43.142,52.031,30.451,37.118,52.343,30.451,44.444,54.322,35.086,47.447,49.947,32.291,46.111,49.496,28.073,45.989,46.996,28.958,52.152,44.982,34.01,49.583,45.833,32.448,51.215,45.729,29.635,49.444,49.739,48.975,47.361,29.93,33.333,15.399,41.718,106.595,88.548,51.867,36.985,106.595,46.381
33.333,33.333,33.333,33.333,33.333,33.333,33.333,33.333,33.333,42.881,23.402,49.392,41.354,43.125,51.944,30.173,36.909,53.454,30.416,44.322,54.774,35.138,47.326,50,32.361,46.128,49.392,28.159,45.781,47.361,29.097,52.083,45.069,34.322,49.6,45.677,32.725,51.25,45.729,29.67,49.288,49.93,49.045,47.482,30.243,33.316,15.503,41.493,106.595,88.505,51.824,36.999,106.595,46.467
33.333,33.333,33.333,33.333,33.333,33.333,33.333,33.333,33.333,42.777,23.437,49.409,41.232,43.038,52.065,29.843,37.256,53.107,30.104,44.513,54.531,34.878,47.43,49.93,32.1,46.284,49.149,27.951,45.92,47.187,28.975,52.222,45,34.201,49.774,45.677,32.552,51.406,45.694,29.583,49.479,49.826,48.871,47.517,30.069,33.489,15.382,41.597,106.595,88.462,51.781,37.014,106.595,46.567
33.333,33.333,33.333,33.333,33.333,33.333,33.333,33.333,33.333,42.673,23.402,49.548,41.145,43.055,52.204,29.739,37.447,52.986,30.104,44.583,54.6,34.774,47.447,49.843,32.031,46.267,49.288,27.916,45.868,47.256,28.958,52.256,45.069,34.218,49.774,45.694,32.517,51.493,45.746,29.531,49.513,49.843,48.75,47.708,29.982,33.524,15.416,41.527,106.595,88.419,51.738,37.028,106.595,46.653
33.333,33.333,33.333,33.333,33.333,33.333,33.333,33.333,33.333,42.621,23.489,49.635,41.197,43.229,52.222,29.809,37.795,52.656,30.104,44.791,54.392,34.756,47.673,49.756,32.013,46.371,49.166,27.916,45.972,47.152,28.975,52.43,44.947,34.114,50.017,45.19,32.517,51.666,45.434,29.566,49.739,49.618,48.819,47.76,29.982,33.506,15.208,41.527,106.595,88.376,51.709,37.042,106.595,46.739
33.333,33.333,33.333,33.333,33.333,33.333,33.333,33.333,33.333,42.604,23.628,49.687,41.163,43.298,52.222,29.878,38.003,52.621,30.191,44.774,54.513,34.791,47.638,49.739,32.1,46.232,49.427,27.986,45.85,47.343,29.01,52.291,45.156,34.375,49.843,45.729,32.673,51.545,45.677,29.635,49.635,49.704,48.819,47.881,30.468,33.506,15.416,41.475,106.595,88.347,51.68,37.057,106.595,46.811
33.333,33.333,33.333,33.333,33.333,33.333,33.333,33.333,33.333,42.621,24.079,49.722,41.128,43.645,51.961,30.277,38.645,51.423,30.243,45.104,53.906,34.618,47.881,49.583,32.378,46.267,49.496,27.986,46.267,46.857,28.871,52.447,45.017,34.357,49.878,45.868,32.656,51.631,45.815,29.687,49.947,49.27,48.593,48.003,30.555,33.524,15.243,41.51,106.595,88.376,51.666,37.057,106.595,46.868
33.333,33.333,33.333,33.333,33.333,33.333,33.333,33.333,33.333,42.916,23.941,49.826,41.388,43.559,52.031,30.468,38.281,52.083,30.538,44.826,54.375,35.086,47.569,50,32.5,45.885,50.364,28.159,45.902,47.43,29.184,52.274,45.208,34.687,49.513,46.44,32.899,51.388,46.041,29.965,49.774,49.357,49.131,48.038,31.267,33.211,15.329,41.458,106.595,88.433,51.652,37.071,106.595,46.911
33.333,33.333,33.333,33.333,33.333,33.333,33.333,33.333,33.333,43.038,24.184,49.739,41.458,43.576,51.875,30.52,38.315,52.083,30.538,44.895,54.305,35.156,47.43,49.965,32.413,45.677,50.572,28.09,45.833,47.447,29.236,52.222,45.19,34.704,49.27,46.718,32.847,51.18,46.076,29.982,49.826,49.218,49.097,48.02,31.51,33.177,15.347,41.388,106.595,88.49,51.638,37.085,106.595,46.968
33.333,33.333,33.333,33.333,33.333,33.333,33.333,33.333,33.333,43.055,24.323,49.739,41.458,43.628,51.736,30.607,38.923,51.562,30.59,45.347,53.854,35.156,47.621,49.687,32.5,45.868,50.243,28.107,45.885,47.413,29.271,52.343,44.947,34.774,49.079,46.979,32.743,51.111,46.145,29.913,50,49.097,48.663,48.177,31.666,33.298,15.382,41.232,106.595,88.533,51.623,37.1,106.595,47.04
33.333,33.333,33.333,33.333,33.333,33.333,33.333,33.333,33.333,42.899,24.566,49.809,41.354,43.767,51.562,30.381,39.409,51.163,30.399,45.729,53.472,35.052,47.708,49.531,32.361,46.093,49.722,28.09,46.163,46.996,29.253,52.517,44.652,34.548,49.027,46.788,32.534,51.093,46.024,29.809,50.225,48.75,48.263,48.35,31.267,33.35,15.243,41.076,106.595,88.562,51.609,37.114,106.595,47.154
33.333,33.333,33.333,33.333,33.333,33.333,33.333,33.333,33.333,42.934,24.722,49.913,41.406,43.906,51.579,30.138,39.93,51.059,30.295,46.354,53.437,35.086,47.725,49.583,32.326,46.319,49.461,28.142,46.145,46.961,29.34,52.656,44.461,34.236,48.888,46.857,32.205,51.093,45.711,29.687,50.26,48.819,48.124,48.437,31.25,33.402,15.225,40.989,106.595,88.548,51.595,37.128,106.595,47.283
33.333,33.333,33.333,33.333,33.333,33.333,33.333,33.333,33.333,42.951,25.243,50,41.302,44.34,51.388,30.295,40.902,49.791,30.295,47.17,52.604,34.878,48.298,49.114,32.691,47.065,48.177,28.385,46.805,46.284,29.357,53.072,43.975,34.149,49.322,45.885,32.205,51.458,45.034,29.635,50.746,48.281,47.968,48.611,31.076,33.68,14.809,40.902,106.595,88.505,51.595,37.143,106.595,47.441
33.333,33.333,33.333,33.333,33.333,33.333,33.333,33.333,33.333,42.638,25.017,50.052,41.041,44.218,51.493,29.687,41.336,49.27,29.861,47.309,52.413,34.791,48.211,49.166,32.413,47.291,47.812,28.472,47.013,46.076,29.514,53.09,43.993,34.131,49.34,45.781,32.274,51.475,45.034,29.739,50.798,48.246,48.072,48.663,31.197,33.697,14.67,40.902,106.595,88.447,51.595,37.171,106.595,47.613
33.333,33.333,33.333,33.333,33.333,33.333,33.333,33.333,33.333,42.69,25.312,50.208,41.006,44.461,51.406,29.479,41.701,49.34,29.774,47.621,52.361,34.791,48.125,49.409,32.534,47.569,47.725,28.628,47.239,45.92,29.652,53.142,44.062,34.097,49.565,45.399,32.343,51.614,44.861,29.826,50.902,48.09,47.951,48.854,30.677,33.715,14.531,40.694,106.595,88.404,51.595,37.2,106.595,47.77
33.333,33.333,33.333,33.333,33.333,33.333,33.333,33.333,33.333,42.777,25.503,50.364,41.059,44.618,51.51,29.357,42.204,49.062,29.739,48.038,52.222,34.826,48.055,49.739,32.586,47.69,48.09,28.68,47.378,46.024,29.722,53.09,44.409,34.218,49.583,45.59,32.448,51.579,45.26,29.861,50.85,48.385,47.968,48.854,30.503,33.697,14.479,40.815,106.595,88.361,51.595,37.229,106.595,47.885
33.333,33.333,33.333,33.333,33.333,33.333,33.333,33.333,33.333,42.795,25.156,50.52,41.093,44.409,51.736,29.34,41.961,49.67,29.895,47.708,52.447,34.93,47.708,50,32.569,47.517,48.697,28.611,47.187,46.493,29.774,52.864,44.861,34.496,49.444,45.937,32.586,51.423,45.677,29.982,50.798,48.559,48.09,48.836,30.399,33.663,14.375,40.954,106.595,88.319,51.58,37.257,106.595,47.971
33.333,33.333,33.333,33.333,33.333,33.333,33.333,33.333,33.333,42.569,24.843,50.52,40.954,44.114,51.875,28.767,41.475,50.729,29.6,47.187,53.055,34.861,47.048,50.381,32.1,47.048,49.496,28.159,46.684,46.944,29.635,52.413,45.399,34.444,49.079,46.684,32.465,51.076,46.267,29.913,50.399,48.923,48.09,48.836,30.555,33.628,14.722,40.781,106.595,88.29,51.566,37.257,106.595,48.028
33.333,33.333,33.333,33.333,33.333,33.333,33.333,33.333,33.333,42.604,25.416,50.59,40.902,44.479,51.631,29.236,41.805,50.677,29.93,47.534,52.76,34.774,47.256,50.19,32.43,47.326,49.236,28.142,46.84,46.684,29.548,52.5,45.19,34.375,49.236,46.267,32.378,51.163,45.954,29.774,50.468,48.645,47.743,48.923,30.225,33.715,14.757,40.52,106.595,88.261,51.552,37.243,106.595,48.071
33.333,33.333,33.333,33.333,33.333,33.333,33.333,33.333,33.333,42.361,25.347,50.555,40.694,44.375,51.649,29.149,41.718,50.26,29.791,47.326,52.795,34.67,47.17,50.104,32.1,47.222,49.218,27.882,46.84,46.475,29.288,52.395,45.156,34.218,49.149,46.371,32.152,51.093,45.902,29.583,50.399,48.68,47.795,48.75,30.451,33.767,14.791,40.625,106.595,88.233,51.537,37.229,106.595,48.114
33.333,33.333,33.333,33.333,33.333,33.333,33.333,33.333,33.333,42.256,25.486,50.503,40.555,44.392,51.493,29.305,41.562,50.555,29.948,47.083,52.864,34.739,47.239,49.843,32.083,47.413,48.576,27.916,46.84,46.25,29.253,52.413,44.878,34.131,49.131,46.232,32.135,51.197,45.312,29.496,50.451,48.402,47.708,48.784,30.989,33.888,14.809,40.434,106.595,88.218,51.523,37.214,106.595,48.157
33.333,33.333,33.333,33.333,33.333,33.333,33.333,33.333,33.333,41.979,25.625,50.486,40.329,44.548,51.423,29.131,42.013,49.583,29.67,47.326,52.378,34.565,47.604,49.618,31.84,47.743,47.864,27.916,47.256,45.538,29.062,52.638,44.479,33.819,49.496,45.503,31.961,51.493,44.722,29.34,50.694,48.09,47.847,48.784,31.024,33.993,14.704,40.295,106.595,88.204,51.523,37.2,106.595,48.2
33.333,33.333,33.333,33.333,33.333,33.333,33.333,33.333,33.333,41.927,25.885,50.59,40.243,44.704,51.388,29.184,42.204,49.34,29.757,47.534,52.256,34.531,47.795,49.513,31.944,47.881,47.812,27.986,47.482,45.381,29.027,52.76,44.427,33.871,49.548,45.572,31.979,51.579,44.791,29.34,50.729,48.211,47.777,48.836,31.007,33.94,14.67,40.364,106.595,88.19,51.509,37.2,106.595,48.243
33.333,33.333,33.333,33.333,33.333,33.333,33.333,33.333,33.333,41.996,25.868,50.642,40.364,44.722,51.493,29.184,42.083,49.6,29.809,47.465,52.517,34.635,47.795,49.652,31.909,47.881,47.986,27.968,47.447,45.642,29.01,52.76,44.583,33.854,49.513,45.92,31.979,51.614,45.034,29.357,50.694,48.454,47.812,48.906,31.145,33.888,14.618,40.451,106.595,88.175,51.494,37.2,106.595,48.286
33.333,33.333,33.333,33.333,33.333,33.333,33.333,33.333,33.333,42.187,25.694,50.729,40.572,44.704,51.649,29.357,41.892,50.329,30.034,47.309,52.881,34.861,47.777,49.843,32.118,47.777,48.385,28.073,47.343,45.989,29.27,52.725,44.722,34.097,49.548,45.989,32.274,51.527,45.329,29.583,50.59,48.628,47.916,49.027,31.406,33.802,14.583,40.538,106.595,88.161,51.48,37.2,106.595,48.315
33.333,33.333,33.333,33.333,33.333,33.333,33.333,33.333,33.333,42.187,25.833,50.694,40.555,44.739,51.527,29.444,41.822,50.26,29.965,47.343,52.725,34.756,47.812,49.704,32.152,47.725,48.437,28.073,47.343,45.92,29.323,52.743,44.531,34.01,49.67,45.59,32.204,51.562,45.225,29.67,50.659,48.385,47.881,49.027,31.146,33.836,14.6,40.347,106.595,88.147,51.466,37.2,106.595,48.343
33.333,33.333,33.333,33.333,33.333,33.333,33.333,33.333,33.333,42.1,25.954,50.711,40.451,44.774,51.527,29.427,41.736,50.347,29.913,47.326,52.743,34.704,47.829,49.652,32.066,47.743,48.472,28.038,47.361,45.972,29.253,52.777,44.479,33.94,49.704,45.711,32.118,51.562,45.277,29.566,50.659,48.385,47.795,49.114,31.441,33.975,14.548,40.329,106.595,88.132,51.451,37.2,106.595,48.358
33.333,33.333,33.333,33.333,33.333,33.333,33.333,33.333,33.333,41.979,25.85,50.763,40.364,44.843,51.562,29.392,41.649,50.451,29.774,47.256,52.777,34.548,47.847,49.652,31.77,47.708,48.559,27.882,47.43,45.798,29.114,52.829,44.375,33.628,49.861,45.503,31.875,51.701,45.017,29.375,50.781,48.194,47.864,49.114,31.684,34.097,14.496,40.173,106.595,88.118,51.451,37.2,106.595,48.372
33.333,33.333,33.333,33.333,33.333,33.333,33.333,33.333,33.333,41.84,26.007,50.781,40.225,44.93,51.44,29.409,41.822,50.104,29.791,47.274,52.621,34.513,47.864,49.531,31.77,47.743,48.402,27.899,47.482,45.625,29.062,52.847,44.357,33.559,49.913,45.364,31.84,51.666,44.878,29.357,50.677,48.125,47.743,49.062,31.632,34.149,14.67,40.052,106.595,88.104,51.451,37.2,106.595,48.372
33.333,33.333,33.333,33.333,33.333,33.333,33.333,33.333,33.333,41.788,26.284,50.659,40.19,44.895,51.284,29.496,41.84,49.895,29.757,47.083,52.708,34.496,47.656,49.479,31.579,47.604,48.472,27.83,47.343,45.677,28.993,52.743,44.444,33.402,49.791,45.538,31.753,51.684,44.826,29.323,50.642,48.142,47.795,49.045,31.614,34.062,14.652,39.965,106.595,88.089,51.437,37.2,106.595,48.386
33.333,33.333,33.333,33.333,33.333,33.333,33.333,33.333,33.333,41.857,26.232,50.659,40.295,44.826,51.354,29.461,41.597,50.312,29.861,46.944,53.038,34.583,47.5,49.618,31.579,47.361,49.027,27.76,47.135,46.059,28.993,52.656,44.652,33.541,49.687,45.989,31.823,51.545,45.243,29.323,50.503,48.489,47.76,49.114,31.632,33.923,14.652,40.034,106.595,88.075,51.423,37.2,106.595,48.401
33.333,33.333,33.333,33.333,33.333,33.333,33.333,33.333,33.333,42.065,26.232,50.642,40.468,44.843,51.302,29.704,41.718,50.19,30.104,47.013,52.986,34.739,47.604,49.583,31.788,47.413,48.854,27.934,47.187,45.954,29.166,52.69,44.6,33.645,49.704,45.815,31.961,51.545,45.121,29.461,50.468,48.454,47.777,49.062,31.614,33.819,14.687,40,106.595,88.061,51.408,37.2,106.595,48.415
33.333,33.333,33.333,33.333,33.333,33.333,33.333,33.333,33.333,42.048,26.18,50.642,40.538,44.774,51.284,29.774,41.666,50.243,30.191,46.875,53.072,34.861,47.534,49.6,31.875,47.395,48.784,27.986,47.065,46.145,29.201,52.586,44.67,33.75,49.6,45.92,31.996,51.406,45.277,29.531,50.347,48.559,47.621,49.045,31.267,33.802,14.757,40.017,106.595,88.046,51.394,37.2,106.595,48.429
33.333,33.333,33.333,33.333,33.333,33.333,33.333,33.333,33.333,42.1,26.232,50.659,40.538,44.861,51.215,29.826,41.718,50.295,30.173,47.048,52.951,34.791,47.708,49.548,31.857,47.517,48.645,27.986,47.204,46.024,29.184,52.656,44.479,33.663,49.704,45.729,31.927,51.562,45.069,29.427,50.52,48.42,47.638,49.062,31.388,33.854,14.6,40,106.595,88.046,51.38,37.2,106.595,48.443
33.333,33.333,33.333,33.333,33.333,33.333,33.333,33.333,33.333,42.152,26.041,50.729,40.625,44.809,51.284,29.774,41.545,50.52,30.295,47.17,52.847,34.895,47.812,49.479,32.066,47.604,48.559,28.211,47.326,45.954,29.322,52.725,44.427,33.836,49.826,45.468,32.048,51.684,44.826,29.566,50.572,48.315,47.708,49.079,31.441,33.819,14.548,39.913,106.595,88.046,51.38,37.2,106.595,48.443
33.333,33.333,33.333,33.333,33.333,33.333,33.333,33.333,33.333,41.996,26.198,50.815,40.468,45.138,51.059,29.791,42.135,49.861,30.243,47.621,52.343,34.774,48.281,49.184,32.083,48.159,47.725,28.316,47.864,45.381,29.288,53.09,44.01,33.663,50.19,44.826,31.927,52.083,44.236,29.444,50.92,48.003,47.604,49.166,31.718,34.01,14.322,39.826,106.595,88.046,51.38,37.2,106.595,48.443
33.333,33.333,33.333,33.333,33.333,33.333,33.333,33.333,33.333,42.048,25.937,50.902,40.538,44.965,51.163,29.704,42.031,49.93,30.208,47.552,52.361,34.774,48.177,49.184,32.031,48.09,47.934,28.263,47.777,45.538,29.305,53.003,44.027,33.663,50.173,44.878,31.944,52.065,44.305,29.392,50.902,47.968,47.586,49.236,31.77,34.097,14.357,39.687,106.595,88.032,51.38,37.2,106.595,48.443
33.333,33.333,33.333,33.333,33.333,33.333,33.333,33.333,33.333,41.805,26.77,50.833,40.208,45.451,50.659,29.652,42.656,49.288,30,48.125,51.736,34.444,48.611,48.645,31.84,48.472,47.43,28.194,48.09,45.034,29.114,53.229,43.489,33.35,50.381,44.6,31.701,52.256,43.923,29.114,51.128,47.621,47.17,49.392,32.152,34.34,14.34,39.409,106.595,88.018,51.38,37.2,106.595,48.443
33.333,33.333,33.333,33.333,33.333,33.333,33.333,33.333,33.333,41.631,26.996,50.833,40.104,45.572,50.642,29.757,42.847,49.253,29.982,48.298,51.597,34.357,48.767,48.489,31.875,48.559,47.5,28.194,48.194,44.947,29.045,53.333,43.246,33.211,50.451,44.513,31.614,52.309,43.888,29.062,51.25,47.447,47.135,49.496,32.031,34.444,14.253,39.427,106.595,88.003,51.38,37.2,106.595,48.443
33.333,33.333,33.333,33.333,33.333,33.333,33.333,33.333,33.333,41.493,26.979,50.92,39.947,45.642,50.642,29.895,43.003,49.131,30.052,48.489,51.423,34.305,48.958,48.437,31.996,48.628,47.343,28.142,48.229,44.913,28.975,53.472,43.125,33.072,50.468,44.531,31.493,52.343,43.975,28.975,51.388,47.343,47.1,49.565,31.84,34.496,14.305,39.444,106.595,87.989,51.394,37.2,106.595,48.443
33.333,33.333,33.333,33.333,33.333,33.333,33.333,33.333,33.333,41.597,26.857,50.972,40.104,45.486,50.85,30.086,42.934,49.184,30.173,48.506,51.51,34.392,48.975,48.472,32.118,48.489,47.569,28.211,48.142,45.017,29.027,53.385,43.246,33.142,50.312,44.739,31.493,52.204,44.149,29.01,51.232,47.482,46.84,49.635,31.284,34.461,14.461,39.548,106.595,87.975,51.408,37.2,106.595,48.443
33.333,33.333,33.333,33.333,33.333,33.333,33.333,33.333,33.333,41.579,27.083,50.972,40.173,45.694,50.815,30.59,43.229,48.75,30.486,48.506,51.718,34.427,48.958,48.454,32.517,48.315,47.829,28.385,48.125,45.121,29.132,53.454,43.246,33.246,50.277,44.791,31.597,52.118,44.531,29.149,51.197,47.517,46.631,49.722,31.041,34.375,14.548,39.791,106.595,87.975,51.423,37.186,106.595,48.443
33.333,33.333,33.333,33.333,33.333,33.333,33.333,33.333,33.333,41.753,26.562,51.006,40.399,45.364,51.128,30.746,42.621,49.618,30.746,48.003,52.378,34.722,48.593,48.854,32.656,47.881,48.576,28.42,47.795,45.677,29.288,53.298,43.68,33.506,50.069,45.156,31.823,51.944,44.93,29.392,51.006,47.829,46.875,49.652,30.607,34.097,14.566,40.017,106.595,87.975,51.437,37.171,106.595,48.443
33.333,33.333,33.333,33.333,33.333,33.333,33.333,33.333,33.333,41.892,26.145,51.041,40.538,45.121,51.302,30.642,42.256,49.809,30.764,47.673,52.725,34.878,48.385,49.062,32.5,47.638,48.715,28.35,47.552,45.868,29.34,53.159,43.94,33.628,49.965,45.277,31.875,51.84,45.034,29.409,50.85,48.02,46.944,49.565,30.486,34.027,14.687,40.104,106.595,87.975,51.451,37.157,106.595,48.443
33.333,33.333,33.333,33.333,33.333,33.333,33.333,33.333,33.333,41.909,26.111,50.989,40.52,45.052,51.319,30.503,42.1,49.947,30.677,47.482,52.934,34.826,48.263,49.062,32.291,47.552,48.836,28.211,47.482,45.902,29.27,53.055,43.958,33.593,49.93,45.364,31.84,51.77,45,29.34,50.746,48.09,46.788,49.565,30.451,34.01,14.705,40.138,106.595,87.975,51.451,37.143,106.595,48.443
33.333,33.333,33.333,33.333,33.333,33.333,33.333,33.333,33.333,41.996,25.85,50.92,40.538,44.895,51.371,30.347,41.579,50.52,30.642,47.031,53.298,34.93,47.864,49.288,32.204,47.187,49.322,28.107,47.083,46.319,29.323,52.812,44.097,33.645,49.791,45.607,31.961,51.597,45.173,29.514,50.659,47.986,47.256,49.322,30.746,33.836,14.791,39.947,106.595,87.975,51.451,37.128,106.595,48.443
33.333,33.333,33.333,33.333,33.333,33.333,33.333,33.333,33.333,41.875,26.163,50.85,40.312,45.086,51.059,29.965,41.406,51.145,30.416,47.17,52.968,34.861,48.038,49.114,31.875,47.326,49.166,27.899,47.083,46.232,29.132,52.829,43.958,33.559,49.791,45.746,31.857,51.666,44.826,29.392,50.677,47.934,47.187,49.392,30.746,33.819,14.757,39.704,106.595,87.975,51.451,37.128,106.595,48.443
33.333,33.333,33.333,33.333,33.333,33.333,33.333,33.333,33.333,42.013,26.84,50.885,40.434,45.625,50.659,30.573,42.239,50.381,30.746,47.777,52.378,35.017,48.645,48.645,32.517,47.812,48.298,28.246,47.465,45.815,29.34,53.107,43.489,33.645,50.138,44.965,31.961,51.944,44.27,29.461,50.902,47.552,46.718,49.513,30.642,33.871,14.705,39.513,106.595,87.975,51.451,37.128,106.595,48.443
33.333,33.333,33.333,33.333,33.333,33.333,33.333,33.333,33.333,41.944,26.979,50.989,40.364,45.763,50.607,30.538,42.569,50.208,30.763,48.125,52.152,34.93,48.871,48.506,32.743,48.09,48.09,28.316,47.69,45.711,29.305,53.298,43.315,33.611,50.329,44.878,31.927,52.222,44.097,29.461,51.163,47.447,46.666,49.687,30.59,33.906,14.461,39.444,106.595,87.975,51.437,37.128,106.595,48.443
33.333,33.333,33.333,33.333,33.333,33.333,33.333,33.333,33.333,41.77,27.222,51.163,40.329,46.059,50.607,30.607,42.968,50.052,30.625,48.489,51.927,34.809,49.218,48.437,32.777,48.315,47.968,28.298,47.968,45.538,29.166,53.506,43.142,33.42,50.52,44.722,31.718,52.43,43.975,29.201,51.336,47.395,46.44,49.756,30.347,34.097,14.392,39.461,106.595,87.975,51.437,37.128,106.595,48.443
33.333,33.333,33.333,33.333,33.333,33.333,33.333,33.333,33.333,41.527,27.586,51.25,40.173,46.336,50.538,30.711,43.559,49.548,30.59,49.01,51.51,34.635,49.67,48.246,32.847,48.645,47.621,28.298,48.315,45.26,29.01,53.767,42.986,33.316,50.694,44.548,31.527,52.656,43.819,28.941,51.475,47.413,46.232,49.965,30.381,34.288,14.253,39.67,106.595,87.975,51.423,37.128,106.595,48.443
33.333,33.333,33.333,33.333,33.333,33.333,33.333,33.333,33.333,41.545,27.361,51.319,40.277,46.18,50.746,30.746,43.437,49.774,30.573,48.94,51.822,34.756,49.583,48.541,33.003,48.593,47.812,28.368,48.263,45.451,29.079,53.749,43.125,33.316,50.659,44.687,31.406,52.708,43.871,28.958,51.493,47.517,46.319,49.895,30.416,34.27,14.166,39.774,106.595,87.975,51.408,37.128,106.595,48.443
33.333,33.333,33.333,33.333,33.333,33.333,33.333,33.333,33.333,41.51,26.527,51.336,40.312,45.538,51.25,30.277,42.638,50.468,30.399,48.385,52.413,34.774,49.062,49.027,32.673,48.107,48.541,28.281,47.934,45.815,29.027,53.559,43.576,33.333,50.364,45.295,31.406,52.5,44.305,28.958,51.354,47.777,47.048,49.791,30.85,34.201,14.201,39.965,106.595,87.975,51.394,37.128,106.595,48.443
33.333,33.333,33.333,33.333,33.333,33.333,33.333,33.333,33.333,41.527,26.406,51.267,40.295,45.451,51.267,30.347,42.256,50.694,30.399,48.055,52.586,34.843,48.958,49.079,32.725,47.951,48.559,28.281,47.76,45.902,29.027,53.437,43.593,33.42,50.277,45.225,31.527,52.309,44.322,29.01,51.215,47.743,47.031,49.67,30.798,34.131,14.392,39.93,106.595,87.975,51.394,37.128,106.595,48.443
33.333,33.333,33.333,33.333,33.333,33.333,33.333,33.333,33.333,41.545,26.284,51.145,40.277,45.26,51.232,30.295,42.013,50.746,30.503,47.829,52.656,34.913,48.715,49.097,32.76,47.743,48.645,28.333,47.534,46.024,29.149,53.281,43.697,33.559,50.069,45.347,31.666,52.135,44.392,29.149,51.076,47.743,47.118,49.618,30.954,34.097,14.479,39.913,106.595,87.975,51.38,37.128,106.595,48.443
33.333,33.333,33.333,33.333,33.333,33.333,33.333,33.333,33.333,41.579,26.389,51.076,40.295,45.208,51.093,30.347,41.875,50.763,30.607,47.673,52.638,35,48.628,48.958,32.812,47.708,48.489,28.455,47.517,45.937,29.322,53.211,43.645,33.559,50.052,45.173,31.77,52.083,44.253,29.288,51.093,47.569,46.875,49.583,30.503,33.993,14.548,39.687,106.595,87.975,51.38,37.128,106.595,48.443
33.333,33.333,33.333,33.333,33.333,33.333,33.333,33.333,33.333,41.614,26.389,51.041,40.364,45.19,51.111,30.538,42.013,50.381,30.763,47.76,52.413,35.034,48.854,48.697,32.864,47.864,48.038,28.645,47.76,45.625,29.461,53.35,43.506,33.628,50.225,44.6,32.031,52.152,43.94,29.392,51.267,47.378,46.944,49.565,30.295,33.993,14.461,39.652,106.595,87.975,51.38,37.128,106.595,48.443
